0 0 0.382198
0 3.82198 0.382198
0 7.64397 0.382198
0 11.4659 0.382198
0 15.2879 0.382198
0 19.1099 0.382198
0 22.9319 0.382198
0 26.7539 0.382198
0 30.5759 0.382198
0 34.3978 0.382198
0 38.2198 0.382198
0 42.0418 0.382198
0 45.8638 0.382198
0 49.6858 0.382198
0 53.5078 0.382198
0 57.3297 0.382198
0 61.1517 0.382198
0 64.9737 0.382198
0 68.7957 0.382198
0 72.6177 0.382198
3.82198 0 0.382198
3.82198 3.82198 0.382198
3.82198 7.64397 0.382198
3.82198 11.4659 0.382198
3.82198 15.2879 0.382198
3.82198 19.1099 0.382198
3.82198 22.9319 0.382198
3.82198 26.7539 0.382198
3.82198 30.5759 0.382198
3.82198 34.3978 0.382198
3.82198 38.2198 0.382198
3.82198 42.0418 0.382198
3.82198 45.8638 0.382198
3.82198 49.6858 0.382198
3.82198 53.5078 0.382198
3.82198 57.3297 0.382198
3.82198 61.1517 0.382198
3.82198 64.9737 0.382198
3.82198 68.7957 0.382198
3.82198 72.6177 0.382198
7.64397 0 0.382198
7.64397 3.82198 0.382198
7.64397 7.64397 0.382198
7.64397 11.4659 0.382198
7.64397 15.2879 0.382198
7.64397 19.1099 0.382198
7.64397 22.9319 0.382198
7.64397 26.7539 0.382198
7.64397 30.5759 0.382198
7.64397 34.3978 0.382198
7.64397 38.2198 0.382198
7.64397 42.0418 0.382198
7.64397 45.8638 0.382198
7.64397 49.6858 0.382198
7.64397 53.5078 0.382198
7.64397 57.3297 0.382198
7.64397 61.1517 0.382198
7.64397 64.9737 0.382198
7.64397 68.7957 0.382198
7.64397 72.6177 0.382198
11.4659 0 0.382198
11.4659 3.82198 0.382198
11.4659 7.64397 0.382198
11.4659 11.4659 0.382198
11.4659 15.2879 0.382198
11.4659 19.1099 0.382198
11.4659 22.9319 0.382198
11.4659 26.7539 0.382198
11.4659 30.5759 0.382198
11.4659 34.3978 0.382198
11.4659 38.2198 0.382198
11.4659 42.0418 0.382198
11.4659 45.8638 0.382198
11.4659 49.6858 0.382198
11.4659 53.5078 0.382198
11.4659 57.3297 0.382198
11.4659 61.1517 0.382198
11.4659 64.9737 0.382198
11.4659 68.7957 0.382198
11.4659 72.6177 0.382198
15.2879 0 0.382198
15.2879 3.82198 0.382198
15.2879 7.64397 0.382198
15.2879 11.4659 0.382198
15.2879 15.2879 0.382198
15.2879 19.1099 0.382198
15.2879 22.9319 0.382198
15.2879 26.7539 0.382198
15.2879 30.5759 0.382198
15.2879 34.3978 0.382198
15.2879 38.2198 0.382198
15.2879 42.0418 0.382198
15.2879 45.8638 0.382198
15.2879 49.6858 0.382198
15.2879 53.5078 0.382198
15.2879 57.3297 0.382198
15.2879 61.1517 0.382198
15.2879 64.9737 0.382198
15.2879 68.7957 0.382198
15.2879 72.6177 0.382198
19.1099 0 0.382198
19.1099 3.82198 0.382198
19.1099 7.64397 0.382198
19.1099 11.4659 0.382198
19.1099 15.2879 0.382198
19.1099 19.1099 0.382198
19.1099 22.9319 0.382198
19.1099 26.7539 0.382198
19.1099 30.5759 0.382198
19.1099 34.3978 0.382198
19.1099 38.2198 0.382198
19.1099 42.0418 0.382198
19.1099 45.8638 0.382198
19.1099 49.6858 0.382198
19.1099 53.5078 0.382198
19.1099 57.3297 0.382198
19.1099 61.1517 0.382198
19.1099 64.9737 0.382198
19.1099 68.7957 0.382198
19.1099 72.6177 0.382198
22.9319 0 0.382198
22.9319 3.82198 0.382198
22.9319 7.64397 0.382198
22.9319 11.4659 0.382198
22.9319 15.2879 0.382198
22.9319 19.1099 0.382198
22.9319 22.9319 0.382198
22.9319 26.7539 0.382198
22.9319 30.5759 0.382198
22.9319 34.3978 0.382198
22.9319 38.2198 0.382198
22.9319 42.0418 0.382198
22.9319 45.8638 0.382198
22.9319 49.6858 0.382198
22.9319 53.5078 0.382198
22.9319 57.3297 0.382198
22.9319 61.1517 0.382198
22.9319 64.9737 0.382198
22.9319 68.7957 0.382198
22.9319 72.6177 0.382198
26.7539 0 0.382198
26.7539 3.82198 0.382198
26.7539 7.64397 0.382198
26.7539 11.4659 0.382198
26.7539 15.2879 0.382198
26.7539 19.1099 0.382198
26.7539 22.9319 0.382198
26.7539 26.7539 0.382198
26.7539 30.5759 0.382198
26.7539 34.3978 0.382198
26.7539 38.2198 0.382198
26.7539 42.0418 0.382198
26.7539 45.8638 0.382198
26.7539 49.6858 0.382198
26.7539 53.5078 0.382198
26.7539 57.3297 0.382198
26.7539 61.1517 0.382198
26.7539 64.9737 0.382198
26.7539 68.7957 0.382198
26.7539 72.6177 0.382198
30.5759 0 0.382198
30.5759 3.82198 0.382198
30.5759 7.64397 0.382198
30.5759 11.4659 0.382198
30.5759 15.2879 0.382198
30.5759 19.1099 0.382198
30.5759 22.9319 0.382198
30.5759 26.7539 0.382198
30.5759 30.5759 0.382198
30.5759 34.3978 0.382198
30.5759 38.2198 0.382198
30.5759 42.0418 0.382198
30.5759 45.8638 0.382198
30.5759 49.6858 0.382198
30.5759 53.5078 0.382198
30.5759 57.3297 0.382198
30.5759 61.1517 0.382198
30.5759 64.9737 0.382198
30.5759 68.7957 0.382198
30.5759 72.6177 0.382198
34.3978 0 0.382198
34.3978 3.82198 0.382198
34.3978 7.64397 0.382198
34.3978 11.4659 0.382198
34.3978 15.2879 0.382198
34.3978 19.1099 0.382198
34.3978 22.9319 0.382198
34.3978 26.7539 0.382198
34.3978 30.5759 0.382198
34.3978 34.3978 0.382198
34.3978 38.2198 0.382198
34.3978 42.0418 0.382198
34.3978 45.8638 0.382198
34.3978 49.6858 0.382198
34.3978 53.5078 0.382198
34.3978 57.3297 0.382198
34.3978 61.1517 0.382198
34.3978 64.9737 0.382198
34.3978 68.7957 0.382198
34.3978 72.6177 0.382198
38.2198 0 0.382198
38.2198 3.82198 0.382198
38.2198 7.64397 0.382198
38.2198 11.4659 0.382198
38.2198 15.2879 0.382198
38.2198 19.1099 0.382198
38.2198 22.9319 0.382198
38.2198 26.7539 0.382198
38.2198 30.5759 0.382198
38.2198 34.3978 0.382198
38.2198 38.2198 0.382198
38.2198 42.0418 0.382198
38.2198 45.8638 0.382198
38.2198 49.6858 0.382198
38.2198 53.5078 0.382198
38.2198 57.3297 0.382198
38.2198 61.1517 0.382198
38.2198 64.9737 0.382198
38.2198 68.7957 0.382198
38.2198 72.6177 0.382198
42.0418 0 0.382198
42.0418 3.82198 0.382198
42.0418 7.64397 0.382198
42.0418 11.4659 0.382198
42.0418 15.2879 0.382198
42.0418 19.1099 0.382198
42.0418 22.9319 0.382198
42.0418 26.7539 0.382198
42.0418 30.5759 0.382198
42.0418 34.3978 0.382198
42.0418 38.2198 0.382198
42.0418 42.0418 0.382198
42.0418 45.8638 0.382198
42.0418 49.6858 0.382198
42.0418 53.5078 0.382198
42.0418 57.3297 0.382198
42.0418 61.1517 0.382198
42.0418 64.9737 0.382198
42.0418 68.7957 0.382198
42.0418 72.6177 0.382198
45.8638 0 0.382198
45.8638 3.82198 0.382198
45.8638 7.64397 0.382198
45.8638 11.4659 0.382198
45.8638 15.2879 0.382198
45.8638 19.1099 0.382198
45.8638 22.9319 0.382198
45.8638 26.7539 0.382198
45.8638 30.5759 0.382198
45.8638 34.3978 0.382198
45.8638 38.2198 0.382198
45.8638 42.0418 0.382198
45.8638 45.8638 0.382198
45.8638 49.6858 0.382198
45.8638 53.5078 0.382198
45.8638 57.3297 0.382198
45.8638 61.1517 0.382198
45.8638 64.9737 0.382198
45.8638 68.7957 0.382198
45.8638 72.6177 0.382198
49.6858 0 0.382198
49.6858 3.82198 0.382198
49.6858 7.64397 0.382198
49.6858 11.4659 0.382198
49.6858 15.2879 0.382198
49.6858 19.1099 0.382198
49.6858 22.9319 0.382198
49.6858 26.7539 0.382198
49.6858 30.5759 0.382198
49.6858 34.3978 0.382198
49.6858 38.2198 0.382198
49.6858 42.0418 0.382198
49.6858 45.8638 0.382198
49.6858 49.6858 0.382198
49.6858 53.5078 0.382198
49.6858 57.3297 0.382198
49.6858 61.1517 0.382198
49.6858 64.9737 0.382198
49.6858 68.7957 0.382198
49.6858 72.6177 0.382198
53.5078 0 0.382198
53.5078 3.82198 0.382198
53.5078 7.64397 0.382198
53.5078 11.4659 0.382198
53.5078 15.2879 0.382198
53.5078 19.1099 0.382198
53.5078 22.9319 0.382198
53.5078 26.7539 0.382198
53.5078 30.5759 0.382198
53.5078 34.3978 0.382198
53.5078 38.2198 0.382198
53.5078 42.0418 0.382198
53.5078 45.8638 0.382198
53.5078 49.6858 0.382198
53.5078 53.5078 0.382198
53.5078 57.3297 0.382198
53.5078 61.1517 0.382198
53.5078 64.9737 0.382198
53.5078 68.7957 0.382198
53.5078 72.6177 0.382198
57.3297 0 0.382198
57.3297 3.82198 0.382198
57.3297 7.64397 0.382198
57.3297 11.4659 0.382198
57.3297 15.2879 0.382198
57.3297 19.1099 0.382198
57.3297 22.9319 0.382198
57.3297 26.7539 0.382198
57.3297 30.5759 0.382198
57.3297 34.3978 0.382198
57.3297 38.2198 0.382198
57.3297 42.0418 0.382198
57.3297 45.8638 0.382198
57.3297 49.6858 0.382198
57.3297 53.5078 0.382198
57.3297 57.3297 0.382198
57.3297 61.1517 0.382198
57.3297 64.9737 0.382198
57.3297 68.7957 0.382198
57.3297 72.6177 0.382198
61.1517 0 0.382198
61.1517 3.82198 0.382198
61.1517 7.64397 0.382198
61.1517 11.4659 0.382198
61.1517 15.2879 0.382198
61.1517 19.1099 0.382198
61.1517 22.9319 0.382198
61.1517 26.7539 0.382198
61.1517 30.5759 0.382198
61.1517 34.3978 0.382198
61.1517 38.2198 0.382198
61.1517 42.0418 0.382198
61.1517 45.8638 0.382198
61.1517 49.6858 0.382198
61.1517 53.5078 0.382198
61.1517 57.3297 0.382198
61.1517 61.1517 0.382198
61.1517 64.9737 0.382198
61.1517 68.7957 0.382198
61.1517 72.6177 0.382198
64.9737 0 0.382198
64.9737 3.82198 0.382198
64.9737 7.64397 0.382198
64.9737 11.4659 0.382198
64.9737 15.2879 0.382198
64.9737 19.1099 0.382198
64.9737 22.9319 0.382198
64.9737 26.7539 0.382198
64.9737 30.5759 0.382198
64.9737 34.3978 0.382198
64.9737 38.2198 0.382198
64.9737 42.0418 0.382198
64.9737 45.8638 0.382198
64.9737 49.6858 0.382198
64.9737 53.5078 0.382198
64.9737 57.3297 0.382198
64.9737 61.1517 0.382198
64.9737 64.9737 0.382198
64.9737 68.7957 0.382198
64.9737 72.6177 0.382198
68.7957 0 0.382198
68.7957 3.82198 0.382198
68.7957 7.64397 0.382198
68.7957 11.4659 0.382198
68.7957 15.2879 0.382198
68.7957 19.1099 0.382198
68.7957 22.9319 0.382198
68.7957 26.7539 0.382198
68.7957 30.5759 0.382198
68.7957 34.3978 0.382198
68.7957 38.2198 0.382198
68.7957 42.0418 0.382198
68.7957 45.8638 0.382198
68.7957 49.6858 0.382198
68.7957 53.5078 0.382198
68.7957 57.3297 0.382198
68.7957 61.1517 0.382198
68.7957 64.9737 0.382198
68.7957 68.7957 0.382198
68.7957 72.6177 0.382198
72.6177 0 0.382198
72.6177 3.82198 0.382198
72.6177 7.64397 0.382198
72.6177 11.4659 0.382198
72.6177 15.2879 0.382198
72.6177 19.1099 0.382198
72.6177 22.9319 0.382198
72.6177 26.7539 0.382198
72.6177 30.5759 0.382198
72.6177 34.3978 0.382198
72.6177 38.2198 0.382198
72.6177 42.0418 0.382198
72.6177 45.8638 0.382198
72.6177 49.6858 0.382198
72.6177 53.5078 0.382198
72.6177 57.3297 0.382198
72.6177 61.1517 0.382198
72.6177 64.9737 0.382198
72.6177 68.7957 0.382198
72.6177 72.6177 0.382198
