1e-07 0
0.0015001 0
0.0030001 0
0.0045001 0
0.0060001 0
0.0075001 0
0.0090001 0
0.0105001 0
0.0120001 0
0.0135001 0
0.0150001 0
0.0165001 0
0.0180001 0
0.0195001 0
0.0210001 0
0.0225001 0
0.0240001 0
0.0255001 0
0.0270001 0
0.0285001 0
0.0300001 0
0.0315001 0
0.0330001 0
0.0345001 0
0.0360001 0
0.0375001 0
0.0390001 0
0.0405001 0
0.0420001 0
0.0435001 0
0.0450001 0
0.0465001 0
0.0480001 0
0.0495001 0
0.0510001 0
0.0525001 0
0.0540001 0
0.0555001 0
0.0570001 0
0.0585001 0
0.0600001 0
0.0615001 0
0.0630001 0
0.0645001 0
0.0660001 0
0.0675001 0
0.0690001 0
0.0705001 0
0.0720001 0
0.0735001 0
0.0750001 0
0.0765001 0
0.0780001 0
0.0795001 0
0.0810001 0
0.0825001 0
0.0840001 0
0.0855001 0
0.0870001 0
0.0885001 0
0.0900001 0
0.0915001 0
0.0930001 0
0.0945001 0
0.0960001 0
0.0975001 0
0.0990001 0
0.1005 0
0.102 0
0.1035 0
0.105 0
0.1065 0
0.108 0
0.1095 0
0.111 0
0.1125 0
0.114 0
0.1155 0
0.117 0
0.1185 0
0.12 0
0.1215 0
0.123 0
0.1245 0
0.126 0
0.1275 0
0.129 0
0.1305 0
0.132 0
0.1335 0
0.135 0
0.1365 0
0.138 0
0.1395 0
0.141 0
0.1425 0
0.144 0
0.1455 0
0.147 0
0.1485 0
0.15 0
0.1515 0
0.153 0
0.1545 0
0.156 0
0.1575 0
0.159 0
0.1605 0
0.162 0
0.1635 0
0.165 0
0.1665 0
0.168 0
0.1695 0
0.171 0
0.1725 0
0.174 0
0.1755 0
0.177 0
0.1785 0
0.18 0
0.1815 0
0.183 0
0.1845 0
0.186 0
0.1875 0
0.189 0
0.1905 0
0.192 0
0.1935 0
0.195 0
0.1965 0
0.198 0
0.1995 0
0.201 0
0.2025 0
0.204 0
0.2055 0
0.207 0
0.2085 0
0.21 0
0.2115 0
0.213 0
0.2145 0
0.216 0
0.2175 0
0.219 0
0.2205 0
0.222 0
0.2235 0
0.225 0
0.2265 0
0.228 0
0.2295 0
0.231 0
0.2325 0
0.234 0
0.2355 0
0.237 0
0.2385 0
0.24 0
0.2415 0
0.243 0
0.2445 0
0.246 0
0.2475 0
0.249 0
0.2505 0
0.252 0
0.2535 0
0.255 0
0.2565 0
0.258 0
0.2595 0
0.261 0
0.2625 0
0.264 0
0.2655 0
0.267 0
0.2685 0
0.27 0
0.2715 0
0.273 0
0.2745 0
0.276 0
0.2775 0
0.279 0
0.2805 0
0.282 0
0.2835 0
0.285 0
0.2865 0
0.288 0
0.2895 0
0.291 0
0.2925 0
0.294 0
0.2955 0
0.297 0
0.2985 0
0.3 0
0.3015 0
0.303 0
0.3045 0
0.306 0
0.3075 0
0.309 0
0.3105 0
0.312 0
0.3135 0
0.315 0
0.3165 0
0.318 0
0.3195 0
0.321 0
0.3225 0
0.324 0
0.3255 0
0.327 0
0.3285 0
0.33 0
0.3315 0
0.333 0
0.3345 0
0.336 0
0.3375 0
0.339 0
0.3405 0
0.342 0
0.3435 0
0.345 0
0.3465 0
0.348 0
0.3495 0
0.351 0
0.3525 0
0.354 0
0.3555 0
0.357 0
0.3585 0
0.36 0
0.3615 0
0.363 0
0.3645 0
0.366 0
0.3675 0
0.369 0
0.3705 0
0.372 0
0.3735 0
0.375 0
0.3765 0
0.378 0
0.3795 0
0.381 0
0.3825 0
0.384 0
0.3855 0
0.387 0
0.3885 0
0.39 0
0.3915 0
0.393 0
0.3945 0
0.396 0
0.3975 0
0.399 0
0.4005 0
0.402 0
0.4035 0
0.405 0
0.4065 0
0.408 0
0.4095 0
0.411 0
0.4125 0
0.414 0
0.4155 0
0.417 0
0.4185 0
0.42 0
0.4215 0
0.423 0
0.4245 0
0.426 0
0.4275 0
0.429 0
0.4305 0
0.432 0
0.4335 0
0.435 0
0.4365 0
0.438 0
0.4395 0
0.441 0
0.4425 0
0.444 0
0.4455 0
0.447 0
0.4485 0
0.45 0
0.4515 0
0.453 0
0.4545 0
0.456 0
0.4575 0
0.459 0
0.4605 0
0.462 0
0.4635 0
0.465 0
0.4665 0
0.468 0
0.4695 0
0.471 0
0.4725 0
0.474 0
0.4755 0
0.477 0
0.4785 0
0.48 0
0.4815 0
0.483 0
0.4845 0
0.486 0
0.4875 0
0.489 0
0.4905 0
0.492 0
0.4935 0
0.495 0
0.4965 0
0.498 0
0.4995 0
0.501 0
0.5025 0
0.504 0
0.5055 0
0.507 0
0.5085 0
0.51 0
0.5115 0
0.513 0
0.5145 0
0.516 0
0.5175 0
0.519 0
0.5205 0
0.522 0
0.5235 0
0.525 0
0.5265 0
0.528 0
0.5295 0
0.531 0
0.5325 0
0.534 0
0.5355 0
0.537 0
0.5385 0
0.54 0
0.5415 0
0.543 0
0.5445 0
0.546 0
0.5475 0
0.549 0
0.5505 0
0.552 0
0.5535 0
0.555 0
0.5565 0
0.558 0
0.5595 0
0.561 0
0.5625 0
0.564 0
0.5655 0
0.567 0
0.5685 0
0.57 0
0.5715 0
0.573 0
0.5745 0
0.576 0
0.5775 0
0.579 0
0.5805 0
0.582 0
0.5835 0
0.585 0
0.5865 0
0.588 0
0.5895 0
0.591 0
0.5925 0
0.594 0
0.5955 0
0.597 0
0.5985 0
0.6 0
0.6015 0
0.603 0
0.6045 0
0.606 0
0.6075 0
0.609 0
0.6105 0
0.612 0
0.6135 0
0.615 0
0.6165 0
0.618 0
0.6195 0
0.621 0
0.6225 0
0.624 0
0.6255 0
0.627 0
0.6285 0
0.63 0
0.6315 0
0.633 0
0.6345 0
0.636 0
0.6375 0
0.639 0
0.6405 0
0.642 0
0.6435 0
0.645 0
0.6465 0
0.648 0
0.6495 0
0.651 0
0.6525 0
0.654 0
0.6555 0
0.657 0
0.6585 0
0.66 0
0.6615 0
0.663 0
0.6645 0
0.666 0
0.6675 0
0.669 0
0.6705 0
0.672 0
0.6735 0
0.675 0
0.6765 0
0.678 0
0.6795 0
0.681 0
0.6825 0
0.684 0
0.6855 0
0.687 0
0.6885 0
0.69 0
0.6915 0
0.693 0
0.6945 0
0.696 0
0.6975 0
0.699 0
0.7005 0
0.702 0
0.7035 0
0.705 0
0.7065 0
0.708 0
0.7095 0
0.711 0
0.7125 0
0.714 0
0.7155 0
0.717 0
0.7185 0
0.72 0
0.7215 0
0.723 0
0.7245 0
0.726 0
0.7275 0
0.729 0
0.7305 0
0.732 0
0.7335 0
0.735 0
0.7365 0
0.738 0
0.7395 0
0.741 0
0.7425 0
0.744 0
0.7455 0
0.747 0
0.7485 0
0.75 0
0.7515 0
0.753 0
0.7545 0
0.756 0
0.7575 0
0.759 0
0.7605 0
0.762 0
0.7635 0
0.765 0
0.7665 0
0.768 0
0.7695 0
0.771 0
0.7725 0
0.774 0
0.7755 0
0.777 0
0.7785 0
0.78 0
0.7815 0
0.783 0
0.7845 0
0.786 0
0.7875 0
0.789 0
0.7905 0
0.792 0
0.7935 0
0.795 0
0.7965 0
0.798 0
0.7995 0
0.801 0
0.8025 0
0.804 0
0.8055 0
0.807 0
0.8085 0
0.81 0
0.8115 0
0.813 0
0.8145 0
0.816 0
0.8175 0
0.819 0
0.8205 0
0.822 0
0.8235 0
0.825 0
0.8265 0
0.828 0
0.8295 0
0.831 0
0.8325 0
0.834 0
0.8355 0
0.837 0
0.8385 0
0.84 0
0.8415 0
0.843 0
0.8445 0
0.846 0
0.8475 0
0.849 0
0.8505 0
0.852 0
0.8535 0
0.855 0
0.8565 0
0.858 0
0.8595 0
0.861 0
0.8625 0
0.864 0
0.8655 0
0.867 0
0.8685 0
0.87 0
0.8715 0
0.873 0
0.8745 0
0.876 0
0.8775 0
0.879 0
0.8805 0
0.882 0
0.8835 0
0.885 0
0.8865 0
0.888 0
0.8895 0
0.891 0
0.8925 0
0.894 0
0.8955 0
0.897 0
0.8985 0
0.9 0
0.9015 0
0.903 0
0.9045 0
0.906 0
0.9075 0
0.909 0
0.9105 0
0.912 0
0.9135 0
0.915 0
0.9165 0
0.918 0
0.9195 0
0.921 0
0.9225 0
0.924 0
0.9255 0
0.927 0
0.9285 0
0.93 0
0.9315 0
0.933 0
0.9345 0
0.936 0
0.9375 0
0.939 0
0.9405 0
0.942 0
0.9435 0
0.945 0
0.9465 0
0.948 0
0.9495 0
0.951 0
0.9525 0
0.954 0
0.9555 0
0.957 0
0.9585 0
0.96 0
0.9615 0
0.963 0
0.9645 0
0.966 0
0.9675 0
0.969 0
0.9705 0
0.972 0
0.9735 0
0.975 0
0.9765 0
0.978 0
0.9795 0
0.981 0
0.9825 0
0.984 0
0.9855 0
0.987 0
0.9885 0
0.99 0
0.9915 0
0.993 0
0.9945 0
0.996 0
0.9975 0
0.999 0
1.0005 0
1.002 0
1.0035 0
1.005 0
1.0065 0
1.008 0
1.0095 0
1.011 0
1.0125 0
1.014 0
1.0155 0
1.017 0
1.0185 0
1.02 0
1.0215 0
1.023 0
1.0245 0
1.026 0
1.0275 0
1.029 0
1.0305 0
1.032 0
1.0335 0
1.035 0
1.0365 0
1.038 0
1.0395 0
1.041 0
1.0425 0
1.044 0
1.0455 0
1.047 0
1.0485 0
1.05 0
1.0515 0
1.053 0
1.0545 0
1.056 0
1.0575 0
1.059 0
1.0605 0
1.062 0
1.0635 0
1.065 0
1.0665 0
1.068 0
1.0695 0
1.071 0
1.0725 0
1.074 0
1.0755 0
1.077 0
1.0785 0
1.08 0
1.0815 0
1.083 0
1.0845 0
1.086 0
1.0875 0
1.089 0
1.0905 0
1.092 0
1.0935 0
1.095 0
1.0965 0
1.098 0
1.0995 0
1.101 0
1.1025 0
1.104 0
1.1055 0
1.107 0
1.1085 0
1.11 0
1.1115 0
1.113 0
1.1145 0
1.116 0
1.1175 0
1.119 0
1.1205 0
1.122 0
1.1235 0
1.125 0
1.1265 0
1.128 0
1.1295 0
1.131 0
1.1325 0
1.134 0
1.1355 0
1.137 0
1.1385 0
1.14 0
1.1415 0
1.143 0
1.1445 0
1.146 0
1.1475 0
1.149 0
1.1505 0
1.152 0
1.1535 0
1.155 0
1.1565 0
1.158 0
1.1595 0
1.161 0
1.1625 0
1.164 0
1.1655 0
1.167 0
1.1685 0
1.17 0
1.1715 0
1.173 0
1.1745 0
1.176 0
1.1775 0
1.179 0
1.1805 0
1.182 0
1.1835 0
1.185 0
1.1865 0
1.188 0
1.1895 0
1.191 0
1.1925 0
1.194 0
1.1955 0
1.197 0
1.1985 0
1.2 0
1.2015 0
1.203 0
1.2045 0
1.206 0
1.2075 0
1.209 0
1.2105 0
1.212 0
1.2135 0
1.215 0
1.2165 0
1.218 0
1.2195 0
1.221 0
1.2225 0
1.224 0
1.2255 0
1.227 0
1.2285 0
1.23 0
1.2315 0
1.233 0
1.2345 0
1.236 0
1.2375 0
1.239 0
1.2405 0
1.242 0
1.2435 0
1.245 0
1.2465 0
1.248 0
1.2495 0
1.251 0
1.2525 0
1.254 0
1.2555 0
1.257 0
1.2585 0
1.26 0
1.2615 0
1.263 0
1.2645 0
1.266 0
1.2675 0
1.269 0
1.2705 0
1.272 0
1.2735 0
1.275 0
1.2765 0
1.278 0
1.2795 0
1.281 0
1.2825 0
1.284 0
1.2855 0
1.287 0
1.2885 0
1.29 0
1.2915 0
1.293 0
1.2945 0
1.296 0
1.2975 0
1.299 0
1.3005 0
1.302 0
1.3035 0
1.305 0
1.3065 0
1.308 0
1.3095 0
1.311 0
1.3125 0
1.314 0
1.3155 0
1.317 0
1.3185 0
1.32 0
1.3215 0
1.323 0
1.3245 0
1.326 0
1.3275 0
1.329 0
1.3305 0
1.332 0
1.3335 0
1.335 0
1.3365 0
1.338 0
1.3395 0
1.341 0
1.3425 0
1.344 0
1.3455 0
1.347 0
1.3485 0
1.35 0
1.3515 0
1.353 0
1.3545 0
1.356 0
1.3575 0
1.359 0
1.3605 0
1.362 0
1.3635 0
1.365 0
1.3665 0
1.368 0
1.3695 0
1.371 0
1.3725 0
1.374 0
1.3755 0
1.377 0
1.3785 0
1.38 0
1.3815 0
1.383 0
1.3845 0
1.386 0
1.3875 0
1.389 0
1.3905 0
1.392 0
1.3935 0
1.395 0
1.3965 0
1.398 0
1.3995 0
1.401 0
1.4025 0
1.404 0
1.4055 0
1.407 0
1.4085 0
1.41 0
1.4115 0
1.413 0
1.4145 0
1.416 0
1.4175 0
1.419 0
1.4205 0
1.422 0
1.4235 0
1.425 0
1.4265 0
1.428 0
1.4295 0
1.431 0
1.4325 0
1.434 0
1.4355 0
1.437 0
1.4385 0
1.44 0
1.4415 0
1.443 0
1.4445 0
1.446 0
1.4475 0
1.449 0
1.4505 0
1.452 0
1.4535 0
1.455 0
1.4565 0
1.458 0
1.4595 0
1.461 0
1.4625 0
1.464 0
1.4655 0
1.467 0
1.4685 0
1.47 0
1.4715 0
1.473 0
1.4745 0
1.476 0
1.4775 0
1.479 0
1.4805 0
1.482 0
1.4835 0
1.485 0
1.4865 0
1.488 0
1.4895 0
1.491 0
1.4925 0
1.494 0
1.4955 0
1.497 0
1.4985 0
1.5 0
1.5015 0
1.503 0
1.5045 0
1.506 0
1.5075 0
1.509 0
1.5105 0
1.512 0
1.5135 0
1.515 0
1.5165 0
1.518 0
1.5195 0
1.521 0
1.5225 0
1.524 0
1.5255 0
1.527 0
1.5285 0
1.53 0
1.5315 0
1.533 0
1.5345 0
1.536 0
1.5375 0
1.539 0
1.5405 0
1.542 0
1.5435 0
1.545 0
1.5465 0
1.548 0
1.5495 0
1.551 0
1.5525 0
1.554 0
1.5555 0
1.557 0
1.5585 0
1.56 0
1.5615 0
1.563 0
1.5645 0
1.566 0
1.5675 0
1.569 0
1.5705 0
1.572 0
1.5735 0
1.575 0
1.5765 0
1.578 0
1.5795 0
1.581 0
1.5825 0
1.584 0
1.5855 0
1.587 0
1.5885 0
1.59 0
1.5915 0
1.593 0
1.5945 0
1.596 0
1.5975 0
1.599 0
1.6005 0
1.602 0
1.6035 0
1.605 0
1.6065 0
1.608 0
1.6095 0
1.611 0
1.6125 0
1.614 0
1.6155 0
1.617 0
1.6185 0
1.62 0
1.6215 0
1.623 0
1.6245 0
1.626 0
1.6275 0
1.629 0
1.6305 0
1.632 0
1.6335 0
1.635 0
1.6365 0
1.638 0
1.6395 0
1.641 0
1.6425 0
1.644 0
1.6455 0
1.647 0
1.6485 0
1.65 0
1.6515 0
1.653 0
1.6545 0
1.656 0
1.6575 0
1.659 0
1.6605 0
1.662 0
1.6635 0
1.665 0
1.6665 0
1.668 0
1.6695 0
1.671 0
1.6725 0
1.674 0
1.6755 0
1.677 0
1.6785 0
1.68 0
1.6815 0
1.683 0
1.6845 0
1.686 0
1.6875 0
1.689 0
1.6905 0
1.692 0
1.6935 0
1.695 0
1.6965 0
1.698 0
1.6995 0
1.701 0
1.7025 0
1.704 0
1.7055 0
1.707 0
1.7085 0
1.71 0
1.7115 0
1.713 0
1.7145 0
1.716 0
1.7175 0
1.719 0
1.7205 0
1.722 0
1.7235 0
1.725 0
1.7265 0
1.728 0
1.7295 0
1.731 0
1.7325 0
1.734 0
1.7355 0
1.737 0
1.7385 0
1.74 0
1.7415 0
1.743 0
1.7445 0
1.746 0
1.7475 0
1.749 0
1.7505 0
1.752 0
1.7535 0
1.755 0
1.7565 0
1.758 0
1.7595 0
1.761 0
1.7625 0
1.764 0
1.7655 0
1.767 0
1.7685 0
1.77 0
1.7715 0
1.773 0
1.7745 0
1.776 0
1.7775 0
1.779 0
1.7805 0
1.782 0
1.7835 0
1.785 0
1.7865 0
1.788 0
1.7895 0
1.791 0
1.7925 0
1.794 0
1.7955 0
1.797 0
1.7985 0
1.8 0
1.8015 0
1.803 0
1.8045 0
1.806 0
1.8075 0
1.809 0
1.8105 0
1.812 0
1.8135 0
1.815 0
1.8165 0
1.818 0
1.8195 0
1.821 0
1.8225 0
1.824 0
1.8255 0
1.827 0
1.8285 0
1.83 0
1.8315 0
1.833 0
1.8345 0
1.836 0
1.8375 0
1.839 0
1.8405 0
1.842 0
1.8435 0
1.845 0
1.8465 0
1.848 0
1.8495 0
1.851 0
1.8525 0
1.854 0
1.8555 0
1.857 0
1.8585 0
1.86 0
1.8615 0
1.863 0
1.8645 0
1.866 0
1.8675 0
1.869 0
1.8705 0
1.872 0
1.8735 0
1.875 0
1.8765 0
1.878 0
1.8795 0
1.881 0
1.8825 0
1.884 0
1.8855 0
1.887 0
1.8885 0
1.89 0
1.8915 0
1.893 0
1.8945 0
1.896 0
1.8975 0
1.899 0
1.9005 0
1.902 0
1.9035 0
1.905 0
1.9065 0
1.908 0
1.9095 0
1.911 0
1.9125 0
1.914 0
1.9155 0
1.917 0
1.9185 0
1.92 0
1.9215 0
1.923 0
1.9245 0
1.926 0
1.9275 0
1.929 0
1.9305 0
1.932 0
1.9335 0
1.935 0
1.9365 0
1.938 0
1.9395 0
1.941 0
1.9425 0
1.944 0
1.9455 0
1.947 0
1.9485 0
1.95 0
1.9515 0
1.953 0
1.9545 0
1.956 0
1.9575 0
1.959 0
1.9605 0
1.962 0
1.9635 0
1.965 0
1.9665 0
1.968 0
1.9695 0
1.971 0
1.9725 0
1.974 0
1.9755 0
1.977 0
1.9785 0
1.98 0
1.9815 0
1.983 0
1.9845 0
1.986 0
1.9875 0
1.989 0
1.9905 0
1.992 0
1.9935 0
1.995 0
1.9965 0
1.998 0
1.9995 0
2.001 0
2.0025 0
2.004 0
2.0055 0
2.007 0
2.0085 0
2.01 0
2.0115 0
2.013 0
2.0145 0
2.016 0
2.0175 0
2.019 0
2.0205 0
2.022 0
2.0235 0
2.025 0
2.0265 0
2.028 0
2.0295 0
2.031 0
2.0325 0
2.034 0
2.0355 0
2.037 0
2.0385 0
2.04 0
2.0415 0
2.043 0
2.0445 0
2.046 0
2.0475 0
2.049 0
2.0505 0
2.052 0
2.0535 0
2.055 0
2.0565 0
2.058 0
2.0595 0
2.061 0
2.0625 0
2.064 0
2.0655 0
2.067 0
2.0685 0
2.07 0
2.0715 0
2.073 0
2.0745 0
2.076 0
2.0775 0
2.079 0
2.0805 0
2.082 0
2.0835 0
2.085 0
2.0865 0
2.088 0
2.0895 0
2.091 0
2.0925 0
2.094 0
2.0955 0
2.097 0
2.0985 0
2.1 0
2.1015 0
2.103 0
2.1045 0
2.106 0
2.1075 0
2.109 0
2.1105 0
2.112 0
2.1135 0
2.115 0
2.1165 0
2.118 0
2.1195 0
2.121 0
2.1225 0
2.124 0
2.1255 0
2.127 0
2.1285 0
2.13 0
2.1315 0
2.133 0
2.1345 0
2.136 0
2.1375 0
2.139 0
2.1405 0
2.142 0
2.1435 0
2.145 0
2.1465 0
2.148 0
2.1495 0
2.151 0
2.1525 0
2.154 0
2.1555 0
2.157 0
2.1585 0
2.16 0
2.1615 0
2.163 0
2.1645 0
2.166 0
2.1675 0
2.169 0
2.1705 0
2.172 0
2.1735 0
2.175 0
2.1765 0
2.178 0
2.1795 0
2.181 0
2.1825 0
2.184 0
2.1855 0
2.187 0
2.1885 0
2.19 0
2.1915 0
2.193 0
2.1945 0
2.196 0
2.1975 0
2.199 0
2.2005 0
2.202 0
2.2035 0
2.205 0
2.2065 0
2.208 0
2.2095 0
2.211 0
2.2125 0
2.214 0
2.2155 0
2.217 0
2.2185 0
2.22 0
2.2215 0
2.223 0
2.2245 0
2.226 0
2.2275 0
2.229 0
2.2305 0
2.232 0
2.2335 0
2.235 0
2.2365 0
2.238 0
2.2395 0
2.241 0
2.2425 0
2.244 0
2.2455 0
2.247 0
2.2485 0
2.25 0
2.2515 0
2.253 0
2.2545 0
2.256 0
2.2575 0
2.259 0
2.2605 0
2.262 0
2.2635 0
2.265 0
2.2665 0
2.268 0
2.2695 0
2.271 0
2.2725 0
2.274 0
2.2755 0
2.277 0
2.2785 0
2.28 0
2.2815 0
2.283 0
2.2845 0
2.286 0
2.2875 0
2.289 0
2.2905 0
2.292 0
2.2935 0
2.295 0
2.2965 0
2.298 0
2.2995 0
2.301 0
2.3025 0
2.304 0
2.3055 0
2.307 0
2.3085 0
2.31 0
2.3115 0
2.313 0
2.3145 0
2.316 0
2.3175 0
2.319 0
2.3205 0
2.322 0
2.3235 0
2.325 0
2.3265 0
2.328 0
2.3295 0
2.331 0
2.3325 0
2.334 0
2.3355 0
2.337 0
2.3385 0
2.34 0
2.3415 0
2.343 0
2.3445 0
2.346 0
2.3475 0
2.349 0
2.3505 0
2.352 0
2.3535 0
2.355 0
2.3565 0
2.358 0
2.3595 0
2.361 0
2.3625 0
2.364 0
2.3655 0
2.367 0
2.3685 0
2.37 0
2.3715 0
2.373 0
2.3745 0
2.376 0
2.3775 0
2.379 0
2.3805 0
2.382 0
2.3835 0
2.385 0
2.3865 0
2.388 0
2.3895 0
2.391 0
2.3925 0
2.394 0
2.3955 0
2.397 0
2.3985 0
2.4 0
2.4015 0
2.403 0
2.4045 0
2.406 0
2.4075 0
2.409 0
2.4105 0
2.412 0
2.4135 0
2.415 0
2.4165 0
2.418 0
2.4195 0
2.421 0
2.4225 0
2.424 0
2.4255 0
2.427 0
2.4285 0
2.43 0
2.4315 0
2.433 0
2.4345 0
2.436 0
2.4375 0
2.439 0
2.4405 0
2.442 0
2.4435 0
2.445 0
2.4465 0
2.448 0
2.4495 0
2.451 0
2.4525 0
2.454 0
2.4555 0
2.457 0
2.4585 0
2.46 0
2.4615 0
2.463 0
2.4645 0
2.466 0
2.4675 0
2.469 0
2.4705 0
2.472 0
2.4735 0
2.475 0
2.4765 0
2.478 0
2.4795 0
2.481 0
2.4825 0
2.484 0
2.4855 0
2.487 0
2.4885 0
2.49 0
2.4915 0
2.493 0
2.4945 0
2.496 0
2.4975 0
2.499 0
2.5005 0
2.502 0
2.5035 0
2.505 0
2.5065 0
2.508 0
2.5095 0
2.511 0
2.5125 0
2.514 0
2.5155 0
2.517 0
2.5185 0
2.52 0
2.5215 0
2.523 0
2.5245 0
2.526 0
2.5275 0
2.529 0
2.5305 0
2.532 0
2.5335 0
2.535 0
2.5365 0
2.538 0
2.5395 0
2.541 0
2.5425 0
2.544 0
2.5455 0
2.547 0
2.5485 0
2.55 0
2.5515 0
2.553 0
2.5545 0
2.556 0
2.5575 0
2.559 0
2.5605 0
2.562 0
2.5635 0
2.565 0
2.5665 0
2.568 0
2.5695 0
2.571 0
2.5725 0
2.574 0
2.5755 0
2.577 0
2.5785 0
2.58 0
2.5815 0
2.583 0
2.5845 0
2.586 0
2.5875 0
2.589 0
2.5905 0
2.592 0
2.5935 0
2.595 0
2.5965 0
2.598 0
2.5995 0
2.601 0
2.6025 0
2.604 0
2.6055 0
2.607 0
2.6085 0
2.61 0
2.6115 0
2.613 0
2.6145 0
2.616 0
2.6175 0
2.619 0
2.6205 0
2.622 0
2.6235 0
2.625 0
2.6265 0
2.628 0
2.6295 0
2.631 0
2.6325 0
2.634 0
2.6355 0
2.637 0
2.6385 0
2.64 0
2.6415 0
2.643 0
2.6445 0
2.646 0
2.6475 0
2.649 0
2.6505 0
2.652 0
2.6535 0
2.655 0
2.6565 0
2.658 0
2.6595 0
2.661 0
2.6625 0
2.664 0
2.6655 0
2.667 0
2.6685 0
2.67 0
2.6715 0
2.673 0
2.6745 0
2.676 0
2.6775 0
2.679 0
2.6805 0
2.682 0
2.6835 0
2.685 0
2.6865 0
2.688 0
2.6895 0
2.691 0
2.6925 0
2.694 0
2.6955 0
2.697 0
2.6985 0
2.7 0
2.7015 0
2.703 0
2.7045 0
2.706 0
2.7075 0
2.709 0
2.7105 0
2.712 0
2.7135 0
2.715 0
2.7165 0
2.718 0
2.7195 0
2.721 0
2.7225 0
2.724 0
2.7255 0
2.727 0
2.7285 0
2.73 0
2.7315 0
2.733 0
2.7345 0
2.736 0
2.7375 0
2.739 0
2.7405 0
2.742 0
2.7435 0
2.745 0
2.7465 0
2.748 0
2.7495 0
2.751 0
2.7525 0
2.754 0
2.7555 0
2.757 0
2.7585 0
2.76 0
2.7615 0
2.763 0
2.7645 0
2.766 0
2.7675 0
2.769 0
2.7705 0
2.772 0
2.7735 0
2.775 0
2.7765 0
2.778 0
2.7795 0
2.781 0
2.7825 0
2.784 0
2.7855 0
2.787 0
2.7885 0
2.79 0
2.7915 0
2.793 0
2.7945 0
2.796 0
2.7975 0
2.799 0
2.8005 0
2.802 0
2.8035 0
2.805 0
2.8065 0
2.808 0
2.8095 0
2.811 0
2.8125 0
2.814 0
2.8155 0
2.817 0
2.8185 0
2.82 0
2.8215 0
2.823 0
2.8245 0
2.826 0
2.8275 0
2.829 0
2.8305 0
2.832 0
2.8335 0
2.835 0
2.8365 0
2.838 0
2.8395 0
2.841 0
2.8425 0
2.844 0
2.8455 0
2.847 0
2.8485 0
2.85 0
2.8515 0
2.853 0
2.8545 0
2.856 0
2.8575 0
2.859 0
2.8605 0
2.862 0
2.8635 0
2.865 0
2.8665 0
2.868 0
2.8695 0
2.871 0
2.8725 0
2.874 0
2.8755 0
2.877 0
2.8785 0
2.88 0
2.8815 0
2.883 0
2.8845 0
2.886 0
2.8875 0
2.889 0
2.8905 0
2.892 0
2.8935 0
2.895 0
2.8965 0
2.898 0
2.8995 0
2.901 0
2.9025 0
2.904 0
2.9055 0
2.907 0
2.9085 0
2.91 0
2.9115 0
2.913 0
2.9145 0
2.916 0
2.9175 0
2.919 0
2.9205 0
2.922 0
2.9235 0
2.925 0
2.9265 0
2.928 0
2.9295 0
2.931 0
2.9325 0
2.934 0
2.9355 0
2.937 0
2.9385 0
2.94 0
2.9415 0
2.943 0
2.9445 0
2.946 0
2.9475 0
2.949 0
2.9505 0
2.952 0
2.9535 0
2.955 0
2.9565 0
2.958 0
2.9595 0
2.961 0
2.9625 0
2.964 0
2.9655 0
2.967 0
2.9685 0
2.97 0
2.9715 0
2.973 0
2.9745 0
2.976 0
2.9775 0
2.979 0
2.9805 0
2.982 0
2.9835 0
2.985 0
2.9865 0
2.988 0
2.9895 0
2.991 0
2.9925 0
2.994 0
2.9955 0
2.997 0
2.9985 0
3 0
3.0015 0
3.003 0
3.0045 0
3.006 0
3.0075 0
3.009 0
3.0105 0
3.012 0
3.0135 0
3.015 0
3.0165 0
3.018 0
3.0195 0
3.021 0
3.0225 0
3.024 0
3.0255 0
3.027 0
3.0285 0
3.03 0
3.0315 0
3.033 0
3.0345 0
3.036 0
3.0375 0
3.039 0
3.0405 0
3.042 0
3.0435 0
3.045 0
3.0465 0
3.048 0
3.0495 0
3.051 0
3.0525 0
3.054 0
3.0555 0
3.057 0
3.0585 0
3.06 0
3.0615 0
3.063 0
3.0645 0
3.066 0
3.0675 0
3.069 0
3.0705 0
3.072 0
3.0735 0
3.075 0
3.0765 0
3.078 0
3.0795 0
3.081 0
3.0825 0
3.084 0
3.0855 0
3.087 0
3.0885 0
3.09 0
3.0915 0
3.093 0
3.0945 0
3.096 0
3.0975 0
3.099 0
3.1005 0
3.102 0
3.1035 0
3.105 0
3.1065 0
3.108 0
3.1095 0
3.111 0
3.1125 0
3.114 0
3.1155 0
3.117 0
3.1185 0
3.12 0
3.1215 0
3.123 0
3.1245 0
3.126 0
3.1275 0
3.129 0
3.1305 0
3.132 0
3.1335 0
3.135 0
3.1365 0
3.138 0
3.1395 0
3.141 0
3.1425 0
3.144 0
3.1455 0
3.147 0
3.1485 0
3.15 0
3.1515 0
3.153 0
3.1545 0
3.156 0
3.1575 0
3.159 0
3.1605 0
3.162 0
3.1635 0
3.165 0
3.1665 0
3.168 0
3.1695 0
3.171 0
3.1725 0
3.174 0
3.1755 0
3.177 0
3.1785 0
3.18 0
3.1815 0
3.183 0
3.1845 0
3.186 0
3.1875 0
3.189 0
3.1905 0
3.192 0
3.1935 0
3.195 0
3.1965 0
3.198 0
3.1995 0
3.201 0
3.2025 0
3.204 0
3.2055 0
3.207 0
3.2085 0
3.21 0
3.2115 0
3.213 0
3.2145 0
3.216 0
3.2175 0
3.219 0
3.2205 0
3.222 0
3.2235 0
3.225 0
3.2265 0
3.228 0
3.2295 0
3.231 0
3.2325 0
3.234 0
3.2355 0
3.237 0
3.2385 0
3.24 0
3.2415 0
3.243 0
3.2445 0
3.246 0
3.2475 0
3.249 0
3.2505 0
3.252 0
3.2535 0
3.255 0
3.2565 0
3.258 0
3.2595 0
3.261 0
3.2625 0
3.264 0
3.2655 0
3.267 0
3.2685 0
3.27 0
3.2715 0
3.273 0
3.2745 0
3.276 0
3.2775 0
3.279 0
3.2805 0
3.282 0
3.2835 0
3.285 0
3.2865 0
3.288 0
3.2895 0
3.291 0
3.2925 0
3.294 0
3.2955 0
3.297 0
3.2985 0
3.3 0
3.3015 0
3.303 0
3.3045 0
3.306 0
3.3075 0
3.309 0
3.3105 0
3.312 0
3.3135 0
3.315 0
3.3165 0
3.318 0
3.3195 0
3.321 0
3.3225 0
3.324 0
3.3255 0
3.327 0
3.3285 0
3.33 0
3.3315 0
3.333 0
3.3345 0
3.336 0
3.3375 0
3.339 0
3.3405 0
3.342 0
3.3435 0
3.345 0
3.3465 0
3.348 0
3.3495 0
3.351 0
3.3525 0
3.354 0
3.3555 0
3.357 0
3.3585 0
3.36 0
3.3615 0
3.363 0
3.3645 0
3.366 0
3.3675 0
3.369 0
3.3705 0
3.372 0
3.3735 0
3.375 0
3.3765 0
3.378 0
3.3795 0
3.381 0
3.3825 0
3.384 0
3.3855 0
3.387 0
3.3885 0
3.39 0
3.3915 0
3.393 0
3.3945 0
3.396 0
3.3975 0
3.399 0
3.4005 0
3.402 0
3.4035 0
3.405 0
3.4065 0
3.408 0
3.4095 0
3.411 0
3.4125 0
3.414 0
3.4155 0
3.417 0
3.4185 0
3.42 0
3.4215 0
3.423 0
3.4245 0
3.426 0
3.4275 0
3.429 0
3.4305 0
3.432 0
3.4335 0
3.435 0
3.4365 0
3.438 0
3.4395 0
3.441 0
3.4425 0
3.444 0
3.4455 0
3.447 0
3.4485 0
3.45 0
3.4515 0
3.453 0
3.4545 0
3.456 0
3.4575 0
3.459 0
3.4605 0
3.462 0
3.4635 0
3.465 0
3.4665 0
3.468 0
3.4695 0
3.471 0
3.4725 0
3.474 0
3.4755 0
3.477 0
3.4785 0
3.48 0
3.4815 0
3.483 0
3.4845 0
3.486 0
3.4875 0
3.489 0
3.4905 0
3.492 0
3.4935 0
3.495 0
3.4965 0
3.498 0
3.4995 0
3.501 0
3.5025 0
3.504 0
3.5055 0
3.507 0
3.5085 0
3.51 0
3.5115 0
3.513 0
3.5145 0
3.516 0
3.5175 0
3.519 0
3.5205 0
3.522 0
3.5235 0
3.525 0
3.5265 0
3.528 0
3.5295 0
3.531 0
3.5325 0
3.534 0
3.5355 0
3.537 0
3.5385 0
3.54 0
3.5415 0
3.543 0
3.5445 0
3.546 0
3.5475 0
3.549 0
3.5505 0
3.552 0
3.5535 0
3.555 0
3.5565 0
3.558 0
3.5595 0
3.561 0
3.5625 0
3.564 0
3.5655 0
3.567 0
3.5685 0
3.57 0
3.5715 0
3.573 0
3.5745 0
3.576 0
3.5775 0
3.579 0
3.5805 0
3.582 0
3.5835 0
3.585 0
3.5865 0
3.588 0
3.5895 0
3.591 0
3.5925 0
3.594 0
3.5955 0
3.597 0
3.5985 0
3.6 0
3.6015 0
3.603 0
3.6045 0
3.606 0
3.6075 0
3.609 0
3.6105 0
3.612 0
3.6135 0
3.615 0
3.6165 0
3.618 0
3.6195 0
3.621 0
3.6225 0
3.624 0
3.6255 0
3.627 0
3.6285 0
3.63 0
3.6315 0
3.633 0
3.6345 0
3.636 0
3.6375 0
3.639 0
3.6405 0
3.642 0
3.6435 0
3.645 0
3.6465 0
3.648 0
3.6495 0
3.651 0
3.6525 0
3.654 0
3.6555 0
3.657 0
3.6585 0
3.66 0
3.6615 0
3.663 0
3.6645 0
3.666 0
3.6675 0
3.669 0
3.6705 0
3.672 0
3.6735 0
3.675 0
3.6765 0
3.678 0
3.6795 0
3.681 0
3.6825 0
3.684 0
3.6855 0
3.687 0
3.6885 0
3.69 0
3.6915 0
3.693 0
3.6945 0
3.696 0
3.6975 0
3.699 0
3.7005 0
3.702 0
3.7035 0
3.705 0
3.7065 0
3.708 0
3.7095 0
3.711 0
3.7125 0
3.714 0
3.7155 0
3.717 0
3.7185 0
3.72 0
3.7215 0
3.723 0
3.7245 0
3.726 0
3.7275 0
3.729 0
3.7305 0
3.732 0
3.7335 0
3.735 0
3.7365 0
3.738 0
3.7395 0
3.741 0
3.7425 0
3.744 0
3.7455 0
3.747 0
3.7485 0
3.75 0
3.7515 0
3.753 0
3.7545 0
3.756 0
3.7575 0
3.759 0
3.7605 0
3.762 0
3.7635 0
3.765 0
3.7665 0
3.768 0
3.7695 0
3.771 0
3.7725 0
3.774 0
3.7755 0
3.777 0
3.7785 0
3.78 0
3.7815 0
3.783 0
3.7845 0
3.786 0
3.7875 0
3.789 0
3.7905 0
3.792 0
3.7935 0
3.795 0
3.7965 0
3.798 0
3.7995 0
3.801 0
3.8025 0
3.804 0
3.8055 0
3.807 0
3.8085 0
3.81 0
3.8115 0
3.813 0
3.8145 0
3.816 0
3.8175 0
3.819 0
3.8205 0
3.822 111.045
3.8235 0
3.825 0
3.8265 0
3.828 0
3.8295 0
3.831 0
3.8325 0
3.834 0
3.8355 0
3.837 0
3.8385 0
3.84 0
3.8415 0
3.843 0
3.8445 0
3.846 0
3.8475 0
3.849 0
3.8505 0
3.852 0
3.8535 0
3.855 0
3.8565 0
3.858 0
3.8595 0
3.861 0
3.8625 0
3.864 0
3.8655 0
3.867 0
3.8685 0
3.87 0
3.8715 0
3.873 0
3.8745 0
3.876 0
3.8775 0
3.879 0
3.8805 0
3.882 0
3.8835 0
3.885 0
3.8865 0
3.888 0
3.8895 0
3.891 0
3.8925 0
3.894 0
3.8955 0
3.897 0
3.8985 0
3.9 0
3.9015 0
3.903 0
3.9045 0
3.906 0
3.9075 0
3.909 0
3.9105 0
3.912 0
3.9135 0
3.915 0
3.9165 0
3.918 0
3.9195 0
3.921 0
3.9225 0
3.924 0
3.9255 0
3.927 0
3.9285 0
3.93 0
3.9315 0
3.933 0
3.9345 0
3.936 0
3.9375 0
3.939 0
3.9405 0
3.942 0
3.9435 0
3.945 0
3.9465 0
3.948 0
3.9495 0
3.951 0
3.9525 0
3.954 0
3.9555 0
3.957 0
3.9585 0
3.96 0
3.9615 0
3.963 0
3.9645 0
3.966 0
3.9675 0
3.969 0
3.9705 0
3.972 0
3.9735 0
3.975 0
3.9765 0
3.978 0
3.9795 0
3.981 0
3.9825 0
3.984 0
3.9855 0
3.987 0
3.9885 0
3.99 0
3.9915 0
3.993 0
3.9945 0
3.996 0
3.9975 0
3.999 0
4.0005 0
4.002 0
4.0035 0
4.005 0
4.0065 0
4.008 0
4.0095 0
4.011 0
4.0125 0
4.014 0
4.0155 0
4.017 0
4.0185 0
4.02 0
4.0215 0
4.023 0
4.0245 0
4.026 0
4.0275 0
4.029 0
4.0305 0
4.032 0
4.0335 0
4.035 0
4.0365 0
4.038 0
4.0395 0
4.041 0
4.0425 0
4.044 0
4.0455 0
4.047 0
4.0485 0
4.05 0
4.0515 0
4.053 0
4.0545 0
4.056 0
4.0575 0
4.059 0
4.0605 0
4.062 0
4.0635 0
4.065 0
4.0665 0
4.068 0
4.0695 0
4.071 0
4.0725 0
4.074 0
4.0755 0
4.077 0
4.0785 0
4.08 0
4.0815 0
4.083 0
4.0845 0
4.086 0
4.0875 0
4.089 0
4.0905 0
4.092 0
4.0935 0
4.095 0
4.0965 0
4.098 0
4.0995 0
4.101 0
4.1025 0
4.104 0
4.1055 0
4.107 0
4.1085 0
4.11 0
4.1115 0
4.113 0
4.1145 0
4.116 0
4.1175 0
4.119 0
4.1205 0
4.122 0
4.1235 0
4.125 0
4.1265 0
4.128 0
4.1295 0
4.131 0
4.1325 0
4.134 0
4.1355 0
4.137 0
4.1385 0
4.14 0
4.1415 0
4.143 0
4.1445 0
4.146 0
4.1475 0
4.149 0
4.1505 0
4.152 0
4.1535 0
4.155 0
4.1565 0
4.158 0
4.1595 0
4.161 0
4.1625 0
4.164 0
4.1655 0
4.167 0
4.1685 0
4.17 0
4.1715 0
4.173 0
4.1745 0
4.176 0
4.1775 0
4.179 0
4.1805 0
4.182 0
4.1835 0
4.185 0
4.1865 0
4.188 0
4.1895 0
4.191 0
4.1925 0
4.194 0
4.1955 0
4.197 0
4.1985 0
4.2 0
4.2015 0
4.203 0
4.2045 0
4.206 0
4.2075 0
4.209 0
4.2105 0
4.212 0
4.2135 0
4.215 0
4.2165 0
4.218 0
4.2195 0
4.221 0
4.2225 0
4.224 0
4.2255 0
4.227 0
4.2285 0
4.23 0
4.2315 0
4.233 0
4.2345 0
4.236 0
4.2375 0
4.239 0
4.2405 0
4.242 0
4.2435 0
4.245 0
4.2465 0
4.248 0
4.2495 0
4.251 0
4.2525 0
4.254 0
4.2555 0
4.257 0
4.2585 0
4.26 0
4.2615 0
4.263 0
4.2645 0
4.266 0
4.2675 0
4.269 0
4.2705 0
4.272 0
4.2735 0
4.275 0
4.2765 0
4.278 0
4.2795 0
4.281 0
4.2825 0
4.284 0
4.2855 0
4.287 0
4.2885 0
4.29 0
4.2915 0
4.293 0
4.2945 0
4.296 0
4.2975 0
4.299 0
4.3005 0
4.302 0
4.3035 0
4.305 0
4.3065 0
4.308 0
4.3095 0
4.311 0
4.3125 0
4.314 0
4.3155 0
4.317 0
4.3185 0
4.32 0
4.3215 0
4.323 0
4.3245 0
4.326 0
4.3275 0
4.329 0
4.3305 0
4.332 0
4.3335 0
4.335 0
4.3365 0
4.338 0
4.3395 0
4.341 0
4.3425 0
4.344 0
4.3455 0
4.347 0
4.3485 0
4.35 0
4.3515 0
4.353 0
4.3545 0
4.356 0
4.3575 0
4.359 0
4.3605 0
4.362 0
4.3635 0
4.365 0
4.3665 0
4.368 0
4.3695 0
4.371 0
4.3725 0
4.374 0
4.3755 0
4.377 0
4.3785 0
4.38 0
4.3815 0
4.383 0
4.3845 0
4.386 0
4.3875 0
4.389 0
4.3905 0
4.392 0
4.3935 0
4.395 0
4.3965 0
4.398 0
4.3995 0
4.401 0
4.4025 0
4.404 0
4.4055 0
4.407 0
4.4085 0
4.41 0
4.4115 0
4.413 0
4.4145 0
4.416 0
4.4175 0
4.419 0
4.4205 0
4.422 0
4.4235 0
4.425 0
4.4265 0
4.428 0
4.4295 0
4.431 0
4.4325 0
4.434 0
4.4355 0
4.437 0
4.4385 0
4.44 0
4.4415 0
4.443 0
4.4445 0
4.446 0
4.4475 0
4.449 0
4.4505 0
4.452 0
4.4535 0
4.455 0
4.4565 0
4.458 0
4.4595 0
4.461 0
4.4625 0
4.464 0
4.4655 0
4.467 0
4.4685 0
4.47 0
4.4715 0
4.473 0
4.4745 0
4.476 0
4.4775 0
4.479 0
4.4805 0
4.482 0
4.4835 0
4.485 0
4.4865 0
4.488 0
4.4895 0
4.491 0
4.4925 0
4.494 0
4.4955 0
4.497 0
4.4985 0
4.5 0
4.5015 0
4.503 0
4.5045 0
4.506 0
4.5075 0
4.509 0
4.5105 0
4.512 0
4.5135 0
4.515 0
4.5165 0
4.518 0
4.5195 0
4.521 0
4.5225 0
4.524 0
4.5255 0
4.527 0
4.5285 0
4.53 0
4.5315 0
4.533 0
4.5345 0
4.536 0
4.5375 0
4.539 0
4.5405 0
4.542 0
4.5435 0
4.545 0
4.5465 0
4.548 0
4.5495 0
4.551 0
4.5525 0
4.554 0
4.5555 0
4.557 0
4.5585 0
4.56 0
4.5615 0
4.563 0
4.5645 0
4.566 0
4.5675 0
4.569 0
4.5705 0
4.572 0
4.5735 0
4.575 0
4.5765 0
4.578 0
4.5795 0
4.581 0
4.5825 0
4.584 0
4.5855 0
4.587 0
4.5885 0
4.59 0
4.5915 0
4.593 0
4.5945 0
4.596 0
4.5975 0
4.599 0
4.6005 0
4.602 0
4.6035 0
4.605 0
4.6065 0
4.608 0
4.6095 0
4.611 0
4.6125 0
4.614 0
4.6155 0
4.617 0
4.6185 0
4.62 0
4.6215 0
4.623 0
4.6245 0
4.626 0
4.6275 0
4.629 0
4.6305 0
4.632 0
4.6335 0
4.635 0
4.6365 0
4.638 0
4.6395 0
4.641 0
4.6425 0
4.644 0
4.6455 0
4.647 0
4.6485 0
4.65 0
4.6515 0
4.653 0
4.6545 0
4.656 0
4.6575 0
4.659 0
4.6605 0
4.662 0
4.6635 0
4.665 0
4.6665 0
4.668 0
4.6695 0
4.671 0
4.6725 0
4.674 0
4.6755 0
4.677 0
4.6785 0
4.68 0
4.6815 0
4.683 0
4.6845 0
4.686 0
4.6875 0
4.689 0
4.6905 0
4.692 0
4.6935 0
4.695 0
4.6965 0
4.698 0
4.6995 0
4.701 0
4.7025 0
4.704 0
4.7055 0
4.707 0
4.7085 0
4.71 0
4.7115 0
4.713 0
4.7145 0
4.716 0
4.7175 0
4.719 0
4.7205 0
4.722 0
4.7235 0
4.725 0
4.7265 0
4.728 0
4.7295 0
4.731 0
4.7325 0
4.734 0
4.7355 0
4.737 0
4.7385 0
4.74 0
4.7415 0
4.743 0
4.7445 0
4.746 0
4.7475 0
4.749 0
4.7505 0
4.752 0
4.7535 0
4.755 0
4.7565 0
4.758 0
4.7595 0
4.761 0
4.7625 0
4.764 0
4.7655 0
4.767 0
4.7685 0
4.77 0
4.7715 0
4.773 0
4.7745 0
4.776 0
4.7775 0
4.779 0
4.7805 0
4.782 0
4.7835 0
4.785 0
4.7865 0
4.788 0
4.7895 0
4.791 0
4.7925 0
4.794 0
4.7955 0
4.797 0
4.7985 0
4.8 0
4.8015 0
4.803 0
4.8045 0
4.806 0
4.8075 0
4.809 0
4.8105 0
4.812 0
4.8135 0
4.815 0
4.8165 0
4.818 0
4.8195 0
4.821 0
4.8225 0
4.824 0
4.8255 0
4.827 0
4.8285 0
4.83 0
4.8315 0
4.833 0
4.8345 0
4.836 0
4.8375 0
4.839 0
4.8405 0
4.842 0
4.8435 0
4.845 0
4.8465 0
4.848 0
4.8495 0
4.851 0
4.8525 0
4.854 0
4.8555 0
4.857 0
4.8585 0
4.86 0
4.8615 0
4.863 0
4.8645 0
4.866 0
4.8675 0
4.869 0
4.8705 0
4.872 0
4.8735 0
4.875 0
4.8765 0
4.878 0
4.8795 0
4.881 0
4.8825 0
4.884 0
4.8855 0
4.887 0
4.8885 0
4.89 0
4.8915 0
4.893 0
4.8945 0
4.896 0
4.8975 0
4.899 0
4.9005 0
4.902 0
4.9035 0
4.905 0
4.9065 0
4.908 0
4.9095 0
4.911 0
4.9125 0
4.914 0
4.9155 0
4.917 0
4.9185 0
4.92 0
4.9215 0
4.923 0
4.9245 0
4.926 0
4.9275 0
4.929 0
4.9305 0
4.932 0
4.9335 0
4.935 0
4.9365 0
4.938 0
4.9395 0
4.941 0
4.9425 0
4.944 0
4.9455 0
4.947 0
4.9485 0
4.95 0
4.9515 0
4.953 0
4.9545 0
4.956 0
4.9575 0
4.959 0
4.9605 0
4.962 0
4.9635 0
4.965 0
4.9665 0
4.968 0
4.9695 0
4.971 0
4.9725 0
4.974 0
4.9755 0
4.977 0
4.9785 0
4.98 0
4.9815 0
4.983 0
4.9845 0
4.986 0
4.9875 0
4.989 0
4.9905 0
4.992 0
4.9935 0
4.995 0
4.9965 0
4.998 0
4.9995 0
5.001 0
5.0025 0
5.004 0
5.0055 0
5.007 0
5.0085 0
5.01 0
5.0115 0
5.013 0
5.0145 0
5.016 0
5.0175 0
5.019 0
5.0205 0
5.022 0
5.0235 0
5.025 0
5.0265 0
5.028 0
5.0295 0
5.031 0
5.0325 0
5.034 0
5.0355 0
5.037 0
5.0385 0
5.04 0
5.0415 0
5.043 0
5.0445 0
5.046 0
5.0475 0
5.049 0
5.0505 0
5.052 0
5.0535 0
5.055 0
5.0565 0
5.058 0
5.0595 0
5.061 0
5.0625 0
5.064 0
5.0655 0
5.067 0
5.0685 0
5.07 0
5.0715 0
5.073 0
5.0745 0
5.076 0
5.0775 0
5.079 0
5.0805 0
5.082 0
5.0835 0
5.085 0
5.0865 0
5.088 0
5.0895 0
5.091 0
5.0925 0
5.094 0
5.0955 0
5.097 0
5.0985 0
5.1 0
5.1015 0
5.103 0
5.1045 0
5.106 0
5.1075 0
5.109 0
5.1105 0
5.112 0
5.1135 0
5.115 0
5.1165 0
5.118 0
5.1195 0
5.121 0
5.1225 0
5.124 0
5.1255 0
5.127 0
5.1285 0
5.13 0
5.1315 0
5.133 0
5.1345 0
5.136 0
5.1375 0
5.139 0
5.1405 0
5.142 0
5.1435 0
5.145 0
5.1465 0
5.148 0
5.1495 0
5.151 0
5.1525 0
5.154 0
5.1555 0
5.157 0
5.1585 0
5.16 0
5.1615 0
5.163 0
5.1645 0
5.166 0
5.1675 0
5.169 0
5.1705 0
5.172 0
5.1735 0
5.175 0
5.1765 0
5.178 0
5.1795 0
5.181 0
5.1825 0
5.184 0
5.1855 0
5.187 0
5.1885 0
5.19 0
5.1915 0
5.193 0
5.1945 0
5.196 0
5.1975 0
5.199 0
5.2005 0
5.202 0
5.2035 0
5.205 0
5.2065 0
5.208 0
5.2095 0
5.211 0
5.2125 0
5.214 0
5.2155 0
5.217 0
5.2185 0
5.22 0
5.2215 0
5.223 0
5.2245 0
5.226 0
5.2275 0
5.229 0
5.2305 0
5.232 0
5.2335 0
5.235 0
5.2365 0
5.238 0
5.2395 0
5.241 0
5.2425 0
5.244 0
5.2455 0
5.247 0
5.2485 0
5.25 0
5.2515 0
5.253 0
5.2545 0
5.256 0
5.2575 0
5.259 0
5.2605 0
5.262 0
5.2635 0
5.265 0
5.2665 0
5.268 0
5.2695 0
5.271 0
5.2725 0
5.274 0
5.2755 0
5.277 0
5.2785 0
5.28 0
5.2815 0
5.283 0
5.2845 0
5.286 0
5.2875 0
5.289 0
5.2905 0
5.292 0
5.2935 0
5.295 0
5.2965 0
5.298 0
5.2995 0
5.301 0
5.3025 0
5.304 0
5.3055 0
5.307 0
5.3085 0
5.31 0
5.3115 0
5.313 0
5.3145 0
5.316 0
5.3175 0
5.319 0
5.3205 0
5.322 0
5.3235 0
5.325 0
5.3265 0
5.328 0
5.3295 0
5.331 0
5.3325 0
5.334 0
5.3355 0
5.337 0
5.3385 0
5.34 0
5.3415 0
5.343 0
5.3445 0
5.346 0
5.3475 0
5.349 0
5.3505 0
5.352 0
5.3535 0
5.355 0
5.3565 0
5.358 0
5.3595 0
5.361 0
5.3625 0
5.364 0
5.3655 0
5.367 0
5.3685 0
5.37 0
5.3715 0
5.373 0
5.3745 0
5.376 0
5.3775 0
5.379 0
5.3805 0
5.382 0
5.3835 0
5.385 0
5.3865 0
5.388 0
5.3895 0
5.391 0
5.3925 0
5.394 0
5.3955 0
5.397 0
5.3985 0
5.4 0
5.4015 0
5.403 0
5.4045 0
5.406 78.5078
5.4075 0
5.409 0
5.4105 0
5.412 0
5.4135 0
5.415 0
5.4165 0
5.418 0
5.4195 0
5.421 0
5.4225 0
5.424 0
5.4255 0
5.427 0
5.4285 0
5.43 0
5.4315 0
5.433 0
5.4345 0
5.436 0
5.4375 0
5.439 0
5.4405 0
5.442 0
5.4435 0
5.445 0
5.4465 0
5.448 0
5.4495 0
5.451 0
5.4525 0
5.454 0
5.4555 0
5.457 0
5.4585 0
5.46 0
5.4615 0
5.463 0
5.4645 0
5.466 0
5.4675 0
5.469 0
5.4705 0
5.472 0
5.4735 0
5.475 0
5.4765 0
5.478 0
5.4795 0
5.481 0
5.4825 0
5.484 0
5.4855 0
5.487 0
5.4885 0
5.49 0
5.4915 0
5.493 0
5.4945 0
5.496 0
5.4975 0
5.499 0
5.5005 0
5.502 0
5.5035 0
5.505 0
5.5065 0
5.508 0
5.5095 0
5.511 0
5.5125 0
5.514 0
5.5155 0
5.517 0
5.5185 0
5.52 0
5.5215 0
5.523 0
5.5245 0
5.526 0
5.5275 0
5.529 0
5.5305 0
5.532 0
5.5335 0
5.535 0
5.5365 0
5.538 0
5.5395 0
5.541 0
5.5425 0
5.544 0
5.5455 0
5.547 0
5.5485 0
5.55 0
5.5515 0
5.553 0
5.5545 0
5.556 0
5.5575 0
5.559 0
5.5605 0
5.562 0
5.5635 0
5.565 0
5.5665 0
5.568 0
5.5695 0
5.571 0
5.5725 0
5.574 0
5.5755 0
5.577 0
5.5785 0
5.58 0
5.5815 0
5.583 0
5.5845 0
5.586 0
5.5875 0
5.589 0
5.5905 0
5.592 0
5.5935 0
5.595 0
5.5965 0
5.598 0
5.5995 0
5.601 0
5.6025 0
5.604 0
5.6055 0
5.607 0
5.6085 0
5.61 0
5.6115 0
5.613 0
5.6145 0
5.616 0
5.6175 0
5.619 0
5.6205 0
5.622 0
5.6235 0
5.625 0
5.6265 0
5.628 0
5.6295 0
5.631 0
5.6325 0
5.634 0
5.6355 0
5.637 0
5.6385 0
5.64 0
5.6415 0
5.643 0
5.6445 0
5.646 0
5.6475 0
5.649 0
5.6505 0
5.652 0
5.6535 0
5.655 0
5.6565 0
5.658 0
5.6595 0
5.661 0
5.6625 0
5.664 0
5.6655 0
5.667 0
5.6685 0
5.67 0
5.6715 0
5.673 0
5.6745 0
5.676 0
5.6775 0
5.679 0
5.6805 0
5.682 0
5.6835 0
5.685 0
5.6865 0
5.688 0
5.6895 0
5.691 0
5.6925 0
5.694 0
5.6955 0
5.697 0
5.6985 0
5.7 0
5.7015 0
5.703 0
5.7045 0
5.706 0
5.7075 0
5.709 0
5.7105 0
5.712 0
5.7135 0
5.715 0
5.7165 0
5.718 0
5.7195 0
5.721 0
5.7225 0
5.724 0
5.7255 0
5.727 0
5.7285 0
5.73 0
5.7315 0
5.733 0
5.7345 0
5.736 0
5.7375 0
5.739 0
5.7405 0
5.742 0
5.7435 0
5.745 0
5.7465 0
5.748 0
5.7495 0
5.751 0
5.7525 0
5.754 0
5.7555 0
5.757 0
5.7585 0
5.76 0
5.7615 0
5.763 0
5.7645 0
5.766 0
5.7675 0
5.769 0
5.7705 0
5.772 0
5.7735 0
5.775 0
5.7765 0
5.778 0
5.7795 0
5.781 0
5.7825 0
5.784 0
5.7855 0
5.787 0
5.7885 0
5.79 0
5.7915 0
5.793 0
5.7945 0
5.796 0
5.7975 0
5.799 0
5.8005 0
5.802 0
5.8035 0
5.805 0
5.8065 0
5.808 0
5.8095 0
5.811 0
5.8125 0
5.814 0
5.8155 0
5.817 0
5.8185 0
5.82 0
5.8215 0
5.823 0
5.8245 0
5.826 0
5.8275 0
5.829 0
5.8305 0
5.832 0
5.8335 0
5.835 0
5.8365 0
5.838 0
5.8395 0
5.841 0
5.8425 0
5.844 0
5.8455 0
5.847 0
5.8485 0
5.85 0
5.8515 0
5.853 0
5.8545 0
5.856 0
5.8575 0
5.859 0
5.8605 0
5.862 0
5.8635 0
5.865 0
5.8665 0
5.868 0
5.8695 0
5.871 0
5.8725 0
5.874 0
5.8755 0
5.877 0
5.8785 0
5.88 0
5.8815 0
5.883 0
5.8845 0
5.886 0
5.8875 0
5.889 0
5.8905 0
5.892 0
5.8935 0
5.895 0
5.8965 0
5.898 0
5.8995 0
5.901 0
5.9025 0
5.904 0
5.9055 0
5.907 0
5.9085 0
5.91 0
5.9115 0
5.913 0
5.9145 0
5.916 0
5.9175 0
5.919 0
5.9205 0
5.922 0
5.9235 0
5.925 0
5.9265 0
5.928 0
5.9295 0
5.931 0
5.9325 0
5.934 0
5.9355 0
5.937 0
5.9385 0
5.94 0
5.9415 0
5.943 0
5.9445 0
5.946 0
5.9475 0
5.949 0
5.9505 0
5.952 0
5.9535 0
5.955 0
5.9565 0
5.958 0
5.9595 0
5.961 0
5.9625 0
5.964 0
5.9655 0
5.967 0
5.9685 0
5.97 0
5.9715 0
5.973 0
5.9745 0
5.976 0
5.9775 0
5.979 0
5.9805 0
5.982 0
5.9835 0
5.985 0
5.9865 0
5.988 0
5.9895 0
5.991 0
5.9925 0
5.994 0
5.9955 0
5.997 0
5.9985 0
6 0
6.0015 0
6.003 0
6.0045 0
6.006 0
6.0075 0
6.009 0
6.0105 0
6.012 0
6.0135 0
6.015 0
6.0165 0
6.018 0
6.0195 0
6.021 0
6.0225 0
6.024 0
6.0255 0
6.027 0
6.0285 0
6.03 0
6.0315 0
6.033 0
6.0345 0
6.036 0
6.0375 0
6.039 0
6.0405 0
6.042 0
6.0435 0
6.045 0
6.0465 0
6.048 0
6.0495 0
6.051 0
6.0525 0
6.054 0
6.0555 0
6.057 0
6.0585 0
6.06 0
6.0615 0
6.063 0
6.0645 0
6.066 0
6.0675 0
6.069 0
6.0705 0
6.072 0
6.0735 0
6.075 0
6.0765 0
6.078 0
6.0795 0
6.081 0
6.0825 0
6.084 0
6.0855 0
6.087 0
6.0885 0
6.09 0
6.0915 0
6.093 0
6.0945 0
6.096 0
6.0975 0
6.099 0
6.1005 0
6.102 0
6.1035 0
6.105 0
6.1065 0
6.108 0
6.1095 0
6.111 0
6.1125 0
6.114 0
6.1155 0
6.117 0
6.1185 0
6.12 0
6.1215 0
6.123 0
6.1245 0
6.126 0
6.1275 0
6.129 0
6.1305 0
6.132 0
6.1335 0
6.135 0
6.1365 0
6.138 0
6.1395 0
6.141 0
6.1425 0
6.144 0
6.1455 0
6.147 0
6.1485 0
6.15 0
6.1515 0
6.153 0
6.1545 0
6.156 0
6.1575 0
6.159 0
6.1605 0
6.162 0
6.1635 0
6.165 0
6.1665 0
6.168 0
6.1695 0
6.171 0
6.1725 0
6.174 0
6.1755 0
6.177 0
6.1785 0
6.18 0
6.1815 0
6.183 0
6.1845 0
6.186 0
6.1875 0
6.189 0
6.1905 0
6.192 0
6.1935 0
6.195 0
6.1965 0
6.198 0
6.1995 0
6.201 0
6.2025 0
6.204 0
6.2055 0
6.207 0
6.2085 0
6.21 0
6.2115 0
6.213 0
6.2145 0
6.216 0
6.2175 0
6.219 0
6.2205 0
6.222 0
6.2235 0
6.225 0
6.2265 0
6.228 0
6.2295 0
6.231 0
6.2325 0
6.234 0
6.2355 0
6.237 0
6.2385 0
6.24 0
6.2415 0
6.243 0
6.2445 0
6.246 0
6.2475 0
6.249 0
6.2505 0
6.252 0
6.2535 0
6.255 0
6.2565 0
6.258 0
6.2595 0
6.261 0
6.2625 0
6.264 0
6.2655 0
6.267 0
6.2685 0
6.27 0
6.2715 0
6.273 0
6.2745 0
6.276 0
6.2775 0
6.279 0
6.2805 0
6.282 0
6.2835 0
6.285 0
6.2865 0
6.288 0
6.2895 0
6.291 0
6.2925 0
6.294 0
6.2955 0
6.297 0
6.2985 0
6.3 0
6.3015 0
6.303 0
6.3045 0
6.306 0
6.3075 0
6.309 0
6.3105 0
6.312 0
6.3135 0
6.315 0
6.3165 0
6.318 0
6.3195 0
6.321 0
6.3225 0
6.324 0
6.3255 0
6.327 0
6.3285 0
6.33 0
6.3315 0
6.333 0
6.3345 0
6.336 0
6.3375 0
6.339 0
6.3405 0
6.342 0
6.3435 0
6.345 0
6.3465 0
6.348 0
6.3495 0
6.351 0
6.3525 0
6.354 0
6.3555 0
6.357 0
6.3585 0
6.36 0
6.3615 0
6.363 0
6.3645 0
6.366 0
6.3675 0
6.369 0
6.3705 0
6.372 0
6.3735 0
6.375 0
6.3765 0
6.378 0
6.3795 0
6.381 0
6.3825 0
6.384 0
6.3855 0
6.387 0
6.3885 0
6.39 0
6.3915 0
6.393 0
6.3945 0
6.396 0
6.3975 0
6.399 0
6.4005 0
6.402 0
6.4035 0
6.405 0
6.4065 0
6.408 0
6.4095 0
6.411 0
6.4125 0
6.414 0
6.4155 0
6.417 0
6.4185 0
6.42 0
6.4215 0
6.423 0
6.4245 0
6.426 0
6.4275 0
6.429 0
6.4305 0
6.432 0
6.4335 0
6.435 0
6.4365 0
6.438 0
6.4395 0
6.441 0
6.4425 0
6.444 0
6.4455 0
6.447 0
6.4485 0
6.45 0
6.4515 0
6.453 0
6.4545 0
6.456 0
6.4575 0
6.459 0
6.4605 0
6.462 0
6.4635 0
6.465 0
6.4665 0
6.468 0
6.4695 0
6.471 0
6.4725 0
6.474 0
6.4755 0
6.477 0
6.4785 0
6.48 0
6.4815 0
6.483 0
6.4845 0
6.486 0
6.4875 0
6.489 0
6.4905 0
6.492 0
6.4935 0
6.495 0
6.4965 0
6.498 0
6.4995 0
6.501 0
6.5025 0
6.504 0
6.5055 0
6.507 0
6.5085 0
6.51 0
6.5115 0
6.513 0
6.5145 0
6.516 0
6.5175 0
6.519 0
6.5205 0
6.522 0
6.5235 0
6.525 0
6.5265 0
6.528 0
6.5295 0
6.531 0
6.5325 0
6.534 0
6.5355 0
6.537 0
6.5385 0
6.54 0
6.5415 0
6.543 0
6.5445 0
6.546 0
6.5475 0
6.549 0
6.5505 0
6.552 0
6.5535 0
6.555 0
6.5565 0
6.558 0
6.5595 0
6.561 0
6.5625 0
6.564 0
6.5655 0
6.567 0
6.5685 0
6.57 0
6.5715 0
6.573 0
6.5745 0
6.576 0
6.5775 0
6.579 0
6.5805 0
6.582 0
6.5835 0
6.585 0
6.5865 0
6.588 0
6.5895 0
6.591 0
6.5925 0
6.594 0
6.5955 0
6.597 0
6.5985 0
6.6 0
6.6015 0
6.603 0
6.6045 0
6.606 0
6.6075 0
6.609 0
6.6105 0
6.612 0
6.6135 0
6.615 0
6.6165 0
6.618 0
6.6195 0
6.621 0
6.6225 0
6.624 0
6.6255 0
6.627 0
6.6285 0
6.63 0
6.6315 0
6.633 0
6.6345 0
6.636 0
6.6375 0
6.639 0
6.6405 0
6.642 0
6.6435 0
6.645 0
6.6465 0
6.648 0
6.6495 0
6.651 0
6.6525 0
6.654 0
6.6555 0
6.657 0
6.6585 0
6.66 0
6.6615 0
6.663 0
6.6645 0
6.666 0
6.6675 0
6.669 0
6.6705 0
6.672 0
6.6735 0
6.675 0
6.6765 0
6.678 0
6.6795 0
6.681 0
6.6825 0
6.684 0
6.6855 0
6.687 0
6.6885 0
6.69 0
6.6915 0
6.693 0
6.6945 0
6.696 0
6.6975 0
6.699 0
6.7005 0
6.702 0
6.7035 0
6.705 0
6.7065 0
6.708 0
6.7095 0
6.711 0
6.7125 0
6.714 0
6.7155 0
6.717 0
6.7185 0
6.72 0
6.7215 0
6.723 0
6.7245 0
6.726 0
6.7275 0
6.729 0
6.7305 0
6.732 0
6.7335 0
6.735 0
6.7365 0
6.738 0
6.7395 0
6.741 0
6.7425 0
6.744 0
6.7455 0
6.747 0
6.7485 0
6.75 0
6.7515 0
6.753 0
6.7545 0
6.756 0
6.7575 0
6.759 0
6.7605 0
6.762 0
6.7635 0
6.765 0
6.7665 0
6.768 0
6.7695 0
6.771 0
6.7725 0
6.774 0
6.7755 0
6.777 0
6.7785 0
6.78 0
6.7815 0
6.783 0
6.7845 0
6.786 0
6.7875 0
6.789 0
6.7905 0
6.792 0
6.7935 0
6.795 0
6.7965 0
6.798 0
6.7995 0
6.801 0
6.8025 0
6.804 0
6.8055 0
6.807 0
6.8085 0
6.81 0
6.8115 0
6.813 0
6.8145 0
6.816 0
6.8175 0
6.819 0
6.8205 0
6.822 0
6.8235 0
6.825 0
6.8265 0
6.828 0
6.8295 0
6.831 0
6.8325 0
6.834 0
6.8355 0
6.837 0
6.8385 0
6.84 0
6.8415 0
6.843 0
6.8445 0
6.846 0
6.8475 0
6.849 0
6.8505 0
6.852 0
6.8535 0
6.855 0
6.8565 0
6.858 0
6.8595 0
6.861 0
6.8625 0
6.864 0
6.8655 0
6.867 0
6.8685 0
6.87 0
6.8715 0
6.873 0
6.8745 0
6.876 0
6.8775 0
6.879 0
6.8805 0
6.882 0
6.8835 0
6.885 0
6.8865 0
6.888 0
6.8895 0
6.891 0
6.8925 0
6.894 0
6.8955 0
6.897 0
6.8985 0
6.9 0
6.9015 0
6.903 0
6.9045 0
6.906 0
6.9075 0
6.909 0
6.9105 0
6.912 0
6.9135 0
6.915 0
6.9165 0
6.918 0
6.9195 0
6.921 0
6.9225 0
6.924 0
6.9255 0
6.927 0
6.9285 0
6.93 0
6.9315 0
6.933 0
6.9345 0
6.936 0
6.9375 0
6.939 0
6.9405 0
6.942 0
6.9435 0
6.945 0
6.9465 0
6.948 0
6.9495 0
6.951 0
6.9525 0
6.954 0
6.9555 0
6.957 0
6.9585 0
6.96 0
6.9615 0
6.963 0
6.9645 0
6.966 0
6.9675 0
6.969 0
6.9705 0
6.972 0
6.9735 0
6.975 0
6.9765 0
6.978 0
6.9795 0
6.981 0
6.9825 0
6.984 0
6.9855 0
6.987 0
6.9885 0
6.99 0
6.9915 0
6.993 0
6.9945 0
6.996 0
6.9975 0
6.999 0
7.0005 0
7.002 0
7.0035 0
7.005 0
7.0065 0
7.008 0
7.0095 0
7.011 0
7.0125 0
7.014 0
7.0155 0
7.017 0
7.0185 0
7.02 0
7.0215 0
7.023 0
7.0245 0
7.026 0
7.0275 0
7.029 0
7.0305 0
7.032 0
7.0335 0
7.035 0
7.0365 0
7.038 0
7.0395 0
7.041 0
7.0425 0
7.044 0
7.0455 0
7.047 0
7.0485 0
7.05 0
7.0515 0
7.053 0
7.0545 0
7.056 0
7.0575 0
7.059 0
7.0605 0
7.062 0
7.0635 0
7.065 0
7.0665 0
7.068 0
7.0695 0
7.071 0
7.0725 0
7.074 0
7.0755 0
7.077 0
7.0785 0
7.08 0
7.0815 0
7.083 0
7.0845 0
7.086 0
7.0875 0
7.089 0
7.0905 0
7.092 0
7.0935 0
7.095 0
7.0965 0
7.098 0
7.0995 0
7.101 0
7.1025 0
7.104 0
7.1055 0
7.107 0
7.1085 0
7.11 0
7.1115 0
7.113 0
7.1145 0
7.116 0
7.1175 0
7.119 0
7.1205 0
7.122 0
7.1235 0
7.125 0
7.1265 0
7.128 0
7.1295 0
7.131 0
7.1325 0
7.134 0
7.1355 0
7.137 0
7.1385 0
7.14 0
7.1415 0
7.143 0
7.1445 0
7.146 0
7.1475 0
7.149 0
7.1505 0
7.152 0
7.1535 0
7.155 0
7.1565 0
7.158 0
7.1595 0
7.161 0
7.1625 0
7.164 0
7.1655 0
7.167 0
7.1685 0
7.17 0
7.1715 0
7.173 0
7.1745 0
7.176 0
7.1775 0
7.179 0
7.1805 0
7.182 0
7.1835 0
7.185 0
7.1865 0
7.188 0
7.1895 0
7.191 0
7.1925 0
7.194 0
7.1955 0
7.197 0
7.1985 0
7.2 0
7.2015 0
7.203 0
7.2045 0
7.206 0
7.2075 0
7.209 0
7.2105 0
7.212 0
7.2135 0
7.215 0
7.2165 0
7.218 0
7.2195 0
7.221 0
7.2225 0
7.224 0
7.2255 0
7.227 0
7.2285 0
7.23 0
7.2315 0
7.233 0
7.2345 0
7.236 0
7.2375 0
7.239 0
7.2405 0
7.242 0
7.2435 0
7.245 0
7.2465 0
7.248 0
7.2495 0
7.251 0
7.2525 0
7.254 0
7.2555 0
7.257 0
7.2585 0
7.26 0
7.2615 0
7.263 0
7.2645 0
7.266 0
7.2675 0
7.269 0
7.2705 0
7.272 0
7.2735 0
7.275 0
7.2765 0
7.278 0
7.2795 0
7.281 0
7.2825 0
7.284 0
7.2855 0
7.287 0
7.2885 0
7.29 0
7.2915 0
7.293 0
7.2945 0
7.296 0
7.2975 0
7.299 0
7.3005 0
7.302 0
7.3035 0
7.305 0
7.3065 0
7.308 0
7.3095 0
7.311 0
7.3125 0
7.314 0
7.3155 0
7.317 0
7.3185 0
7.32 0
7.3215 0
7.323 0
7.3245 0
7.326 0
7.3275 0
7.329 0
7.3305 0
7.332 0
7.3335 0
7.335 0
7.3365 0
7.338 0
7.3395 0
7.341 0
7.3425 0
7.344 0
7.3455 0
7.347 0
7.3485 0
7.35 0
7.3515 0
7.353 0
7.3545 0
7.356 0
7.3575 0
7.359 0
7.3605 0
7.362 0
7.3635 0
7.365 0
7.3665 0
7.368 0
7.3695 0
7.371 0
7.3725 0
7.374 0
7.3755 0
7.377 0
7.3785 0
7.38 0
7.3815 0
7.383 0
7.3845 0
7.386 0
7.3875 0
7.389 0
7.3905 0
7.392 0
7.3935 0
7.395 0
7.3965 0
7.398 0
7.3995 0
7.401 0
7.4025 0
7.404 0
7.4055 0
7.407 0
7.4085 0
7.41 0
7.4115 0
7.413 0
7.4145 0
7.416 0
7.4175 0
7.419 0
7.4205 0
7.422 0
7.4235 0
7.425 0
7.4265 0
7.428 0
7.4295 0
7.431 0
7.4325 0
7.434 0
7.4355 0
7.437 0
7.4385 0
7.44 0
7.4415 0
7.443 0
7.4445 0
7.446 0
7.4475 0
7.449 0
7.4505 0
7.452 0
7.4535 0
7.455 0
7.4565 0
7.458 0
7.4595 0
7.461 0
7.4625 0
7.464 0
7.4655 0
7.467 0
7.4685 0
7.47 0
7.4715 0
7.473 0
7.4745 0
7.476 0
7.4775 0
7.479 0
7.4805 0
7.482 0
7.4835 0
7.485 0
7.4865 0
7.488 0
7.4895 0
7.491 0
7.4925 0
7.494 0
7.4955 0
7.497 0
7.4985 0
7.5 0
7.5015 0
7.503 0
7.5045 0
7.506 0
7.5075 0
7.509 0
7.5105 0
7.512 0
7.5135 0
7.515 0
7.5165 0
7.518 0
7.5195 0
7.521 0
7.5225 0
7.524 0
7.5255 0
7.527 0
7.5285 0
7.53 0
7.5315 0
7.533 0
7.5345 0
7.536 0
7.5375 0
7.539 0
7.5405 0
7.542 0
7.5435 0
7.545 0
7.5465 0
7.548 0
7.5495 0
7.551 0
7.5525 0
7.554 0
7.5555 0
7.557 0
7.5585 0
7.56 0
7.5615 0
7.563 0
7.5645 0
7.566 0
7.5675 0
7.569 0
7.5705 0
7.572 0
7.5735 0
7.575 0
7.5765 0
7.578 0
7.5795 0
7.581 0
7.5825 0
7.584 0
7.5855 0
7.587 0
7.5885 0
7.59 0
7.5915 0
7.593 0
7.5945 0
7.596 0
7.5975 0
7.599 0
7.6005 0
7.602 0
7.6035 0
7.605 0
7.6065 0
7.608 0
7.6095 0
7.611 0
7.6125 0
7.614 0
7.6155 0
7.617 0
7.6185 0
7.62 0
7.6215 0
7.623 0
7.6245 0
7.626 0
7.6275 0
7.629 0
7.6305 0
7.632 0
7.6335 0
7.635 0
7.6365 0
7.638 0
7.6395 0
7.641 0
7.6425 0
7.644 55.5224
7.6455 0
7.647 0
7.6485 0
7.65 0
7.6515 0
7.653 0
7.6545 0
7.656 0
7.6575 0
7.659 0
7.6605 0
7.662 0
7.6635 0
7.665 0
7.6665 0
7.668 0
7.6695 0
7.671 0
7.6725 0
7.674 0
7.6755 0
7.677 0
7.6785 0
7.68 0
7.6815 0
7.683 0
7.6845 0
7.686 0
7.6875 0
7.689 0
7.6905 0
7.692 0
7.6935 0
7.695 0
7.6965 0
7.698 0
7.6995 0
7.701 0
7.7025 0
7.704 0
7.7055 0
7.707 0
7.7085 0
7.71 0
7.7115 0
7.713 0
7.7145 0
7.716 0
7.7175 0
7.719 0
7.7205 0
7.722 0
7.7235 0
7.725 0
7.7265 0
7.728 0
7.7295 0
7.731 0
7.7325 0
7.734 0
7.7355 0
7.737 0
7.7385 0
7.74 0
7.7415 0
7.743 0
7.7445 0
7.746 0
7.7475 0
7.749 0
7.7505 0
7.752 0
7.7535 0
7.755 0
7.7565 0
7.758 0
7.7595 0
7.761 0
7.7625 0
7.764 0
7.7655 0
7.767 0
7.7685 0
7.77 0
7.7715 0
7.773 0
7.7745 0
7.776 0
7.7775 0
7.779 0
7.7805 0
7.782 0
7.7835 0
7.785 0
7.7865 0
7.788 0
7.7895 0
7.791 0
7.7925 0
7.794 0
7.7955 0
7.797 0
7.7985 0
7.8 0
7.8015 0
7.803 0
7.8045 0
7.806 0
7.8075 0
7.809 0
7.8105 0
7.812 0
7.8135 0
7.815 0
7.8165 0
7.818 0
7.8195 0
7.821 0
7.8225 0
7.824 0
7.8255 0
7.827 0
7.8285 0
7.83 0
7.8315 0
7.833 0
7.8345 0
7.836 0
7.8375 0
7.839 0
7.8405 0
7.842 0
7.8435 0
7.845 0
7.8465 0
7.848 0
7.8495 0
7.851 0
7.8525 0
7.854 0
7.8555 0
7.857 0
7.8585 0
7.86 0
7.8615 0
7.863 0
7.8645 0
7.866 0
7.8675 0
7.869 0
7.8705 0
7.872 0
7.8735 0
7.875 0
7.8765 0
7.878 0
7.8795 0
7.881 0
7.8825 0
7.884 0
7.8855 0
7.887 0
7.8885 0
7.89 0
7.8915 0
7.893 0
7.8945 0
7.896 0
7.8975 0
7.899 0
7.9005 0
7.902 0
7.9035 0
7.905 0
7.9065 0
7.908 0
7.9095 0
7.911 0
7.9125 0
7.914 0
7.9155 0
7.917 0
7.9185 0
7.92 0
7.9215 0
7.923 0
7.9245 0
7.926 0
7.9275 0
7.929 0
7.9305 0
7.932 0
7.9335 0
7.935 0
7.9365 0
7.938 0
7.9395 0
7.941 0
7.9425 0
7.944 0
7.9455 0
7.947 0
7.9485 0
7.95 0
7.9515 0
7.953 0
7.9545 0
7.956 0
7.9575 0
7.959 0
7.9605 0
7.962 0
7.9635 0
7.965 0
7.9665 0
7.968 0
7.9695 0
7.971 0
7.9725 0
7.974 0
7.9755 0
7.977 0
7.9785 0
7.98 0
7.9815 0
7.983 0
7.9845 0
7.986 0
7.9875 0
7.989 0
7.9905 0
7.992 0
7.9935 0
7.995 0
7.9965 0
7.998 0
7.9995 0
8.001 0
8.0025 0
8.004 0
8.0055 0
8.007 0
8.0085 0
8.01 0
8.0115 0
8.013 0
8.0145 0
8.016 0
8.0175 0
8.019 0
8.0205 0
8.022 0
8.0235 0
8.025 0
8.0265 0
8.028 0
8.0295 0
8.031 0
8.0325 0
8.034 0
8.0355 0
8.037 0
8.0385 0
8.04 0
8.0415 0
8.043 0
8.0445 0
8.046 0
8.0475 0
8.049 0
8.0505 0
8.052 0
8.0535 0
8.055 0
8.0565 0
8.058 0
8.0595 0
8.061 0
8.0625 0
8.064 0
8.0655 0
8.067 0
8.0685 0
8.07 0
8.0715 0
8.073 0
8.0745 0
8.076 0
8.0775 0
8.079 0
8.0805 0
8.082 0
8.0835 0
8.085 0
8.0865 0
8.088 0
8.0895 0
8.091 0
8.0925 0
8.094 0
8.0955 0
8.097 0
8.0985 0
8.1 0
8.1015 0
8.103 0
8.1045 0
8.106 0
8.1075 0
8.109 0
8.1105 0
8.112 0
8.1135 0
8.115 0
8.1165 0
8.118 0
8.1195 0
8.121 0
8.1225 0
8.124 0
8.1255 0
8.127 0
8.1285 0
8.13 0
8.1315 0
8.133 0
8.1345 0
8.136 0
8.1375 0
8.139 0
8.1405 0
8.142 0
8.1435 0
8.145 0
8.1465 0
8.148 0
8.1495 0
8.151 0
8.1525 0
8.154 0
8.1555 0
8.157 0
8.1585 0
8.16 0
8.1615 0
8.163 0
8.1645 0
8.166 0
8.1675 0
8.169 0
8.1705 0
8.172 0
8.1735 0
8.175 0
8.1765 0
8.178 0
8.1795 0
8.181 0
8.1825 0
8.184 0
8.1855 0
8.187 0
8.1885 0
8.19 0
8.1915 0
8.193 0
8.1945 0
8.196 0
8.1975 0
8.199 0
8.2005 0
8.202 0
8.2035 0
8.205 0
8.2065 0
8.208 0
8.2095 0
8.211 0
8.2125 0
8.214 0
8.2155 0
8.217 0
8.2185 0
8.22 0
8.2215 0
8.223 0
8.2245 0
8.226 0
8.2275 0
8.229 0
8.2305 0
8.232 0
8.2335 0
8.235 0
8.2365 0
8.238 0
8.2395 0
8.241 0
8.2425 0
8.244 0
8.2455 0
8.247 0
8.2485 0
8.25 0
8.2515 0
8.253 0
8.2545 0
8.256 0
8.2575 0
8.259 0
8.2605 0
8.262 0
8.2635 0
8.265 0
8.2665 0
8.268 0
8.2695 0
8.271 0
8.2725 0
8.274 0
8.2755 0
8.277 0
8.2785 0
8.28 0
8.2815 0
8.283 0
8.2845 0
8.286 0
8.2875 0
8.289 0
8.2905 0
8.292 0
8.2935 0
8.295 0
8.2965 0
8.298 0
8.2995 0
8.301 0
8.3025 0
8.304 0
8.3055 0
8.307 0
8.3085 0
8.31 0
8.3115 0
8.313 0
8.3145 0
8.316 0
8.3175 0
8.319 0
8.3205 0
8.322 0
8.3235 0
8.325 0
8.3265 0
8.328 0
8.3295 0
8.331 0
8.3325 0
8.334 0
8.3355 0
8.337 0
8.3385 0
8.34 0
8.3415 0
8.343 0
8.3445 0
8.346 0
8.3475 0
8.349 0
8.3505 0
8.352 0
8.3535 0
8.355 0
8.3565 0
8.358 0
8.3595 0
8.361 0
8.3625 0
8.364 0
8.3655 0
8.367 0
8.3685 0
8.37 0
8.3715 0
8.373 0
8.3745 0
8.376 0
8.3775 0
8.379 0
8.3805 0
8.382 0
8.3835 0
8.385 0
8.3865 0
8.388 0
8.3895 0
8.391 0
8.3925 0
8.394 0
8.3955 0
8.397 0
8.3985 0
8.4 0
8.4015 0
8.403 0
8.4045 0
8.406 0
8.4075 0
8.409 0
8.4105 0
8.412 0
8.4135 0
8.415 0
8.4165 0
8.418 0
8.4195 0
8.421 0
8.4225 0
8.424 0
8.4255 0
8.427 0
8.4285 0
8.43 0
8.4315 0
8.433 0
8.4345 0
8.436 0
8.4375 0
8.439 0
8.4405 0
8.442 0
8.4435 0
8.445 0
8.4465 0
8.448 0
8.4495 0
8.451 0
8.4525 0
8.454 0
8.4555 0
8.457 0
8.4585 0
8.46 0
8.4615 0
8.463 0
8.4645 0
8.466 0
8.4675 0
8.469 0
8.4705 0
8.472 0
8.4735 0
8.475 0
8.4765 0
8.478 0
8.4795 0
8.481 0
8.4825 0
8.484 0
8.4855 0
8.487 0
8.4885 0
8.49 0
8.4915 0
8.493 0
8.4945 0
8.496 0
8.4975 0
8.499 0
8.5005 0
8.502 0
8.5035 0
8.505 0
8.5065 0
8.508 0
8.5095 0
8.511 0
8.5125 0
8.514 0
8.5155 0
8.517 0
8.5185 0
8.52 0
8.5215 0
8.523 0
8.5245 0
8.526 0
8.5275 0
8.529 0
8.5305 0
8.532 0
8.5335 0
8.535 0
8.5365 0
8.538 0
8.5395 0
8.541 0
8.5425 0
8.544 0
8.5455 0
8.547 99.3128
8.5485 0
8.55 0
8.5515 0
8.553 0
8.5545 0
8.556 0
8.5575 0
8.559 0
8.5605 0
8.562 0
8.5635 0
8.565 0
8.5665 0
8.568 0
8.5695 0
8.571 0
8.5725 0
8.574 0
8.5755 0
8.577 0
8.5785 0
8.58 0
8.5815 0
8.583 0
8.5845 0
8.586 0
8.5875 0
8.589 0
8.5905 0
8.592 0
8.5935 0
8.595 0
8.5965 0
8.598 0
8.5995 0
8.601 0
8.6025 0
8.604 0
8.6055 0
8.607 0
8.6085 0
8.61 0
8.6115 0
8.613 0
8.6145 0
8.616 0
8.6175 0
8.619 0
8.6205 0
8.622 0
8.6235 0
8.625 0
8.6265 0
8.628 0
8.6295 0
8.631 0
8.6325 0
8.634 0
8.6355 0
8.637 0
8.6385 0
8.64 0
8.6415 0
8.643 0
8.6445 0
8.646 0
8.6475 0
8.649 0
8.6505 0
8.652 0
8.6535 0
8.655 0
8.6565 0
8.658 0
8.6595 0
8.661 0
8.6625 0
8.664 0
8.6655 0
8.667 0
8.6685 0
8.67 0
8.6715 0
8.673 0
8.6745 0
8.676 0
8.6775 0
8.679 0
8.6805 0
8.682 0
8.6835 0
8.685 0
8.6865 0
8.688 0
8.6895 0
8.691 0
8.6925 0
8.694 0
8.6955 0
8.697 0
8.6985 0
8.7 0
8.7015 0
8.703 0
8.7045 0
8.706 0
8.7075 0
8.709 0
8.7105 0
8.712 0
8.7135 0
8.715 0
8.7165 0
8.718 0
8.7195 0
8.721 0
8.7225 0
8.724 0
8.7255 0
8.727 0
8.7285 0
8.73 0
8.7315 0
8.733 0
8.7345 0
8.736 0
8.7375 0
8.739 0
8.7405 0
8.742 0
8.7435 0
8.745 0
8.7465 0
8.748 0
8.7495 0
8.751 0
8.7525 0
8.754 0
8.7555 0
8.757 0
8.7585 0
8.76 0
8.7615 0
8.763 0
8.7645 0
8.766 0
8.7675 0
8.769 0
8.7705 0
8.772 0
8.7735 0
8.775 0
8.7765 0
8.778 0
8.7795 0
8.781 0
8.7825 0
8.784 0
8.7855 0
8.787 0
8.7885 0
8.79 0
8.7915 0
8.793 0
8.7945 0
8.796 0
8.7975 0
8.799 0
8.8005 0
8.802 0
8.8035 0
8.805 0
8.8065 0
8.808 0
8.8095 0
8.811 0
8.8125 0
8.814 0
8.8155 0
8.817 0
8.8185 0
8.82 0
8.8215 0
8.823 0
8.8245 0
8.826 0
8.8275 0
8.829 0
8.8305 0
8.832 0
8.8335 0
8.835 0
8.8365 0
8.838 0
8.8395 0
8.841 0
8.8425 0
8.844 0
8.8455 0
8.847 0
8.8485 0
8.85 0
8.8515 0
8.853 0
8.8545 0
8.856 0
8.8575 0
8.859 0
8.8605 0
8.862 0
8.8635 0
8.865 0
8.8665 0
8.868 0
8.8695 0
8.871 0
8.8725 0
8.874 0
8.8755 0
8.877 0
8.8785 0
8.88 0
8.8815 0
8.883 0
8.8845 0
8.886 0
8.8875 0
8.889 0
8.8905 0
8.892 0
8.8935 0
8.895 0
8.8965 0
8.898 0
8.8995 0
8.901 0
8.9025 0
8.904 0
8.9055 0
8.907 0
8.9085 0
8.91 0
8.9115 0
8.913 0
8.9145 0
8.916 0
8.9175 0
8.919 0
8.9205 0
8.922 0
8.9235 0
8.925 0
8.9265 0
8.928 0
8.9295 0
8.931 0
8.9325 0
8.934 0
8.9355 0
8.937 0
8.9385 0
8.94 0
8.9415 0
8.943 0
8.9445 0
8.946 0
8.9475 0
8.949 0
8.9505 0
8.952 0
8.9535 0
8.955 0
8.9565 0
8.958 0
8.9595 0
8.961 0
8.9625 0
8.964 0
8.9655 0
8.967 0
8.9685 0
8.97 0
8.9715 0
8.973 0
8.9745 0
8.976 0
8.9775 0
8.979 0
8.9805 0
8.982 0
8.9835 0
8.985 0
8.9865 0
8.988 0
8.9895 0
8.991 0
8.9925 0
8.994 0
8.9955 0
8.997 0
8.9985 0
9 0
9.0015 0
9.003 0
9.0045 0
9.006 0
9.0075 0
9.009 0
9.0105 0
9.012 0
9.0135 0
9.015 0
9.0165 0
9.018 0
9.0195 0
9.021 0
9.0225 0
9.024 0
9.0255 0
9.027 0
9.0285 0
9.03 0
9.0315 0
9.033 0
9.0345 0
9.036 0
9.0375 0
9.039 0
9.0405 0
9.042 0
9.0435 0
9.045 0
9.0465 0
9.048 0
9.0495 0
9.051 0
9.0525 0
9.054 0
9.0555 0
9.057 0
9.0585 0
9.06 0
9.0615 0
9.063 0
9.0645 0
9.066 0
9.0675 0
9.069 0
9.0705 0
9.072 0
9.0735 0
9.075 0
9.0765 0
9.078 0
9.0795 0
9.081 0
9.0825 0
9.084 0
9.0855 0
9.087 0
9.0885 0
9.09 0
9.0915 0
9.093 0
9.0945 0
9.096 0
9.0975 0
9.099 0
9.1005 0
9.102 0
9.1035 0
9.105 0
9.1065 0
9.108 0
9.1095 0
9.111 0
9.1125 0
9.114 0
9.1155 0
9.117 0
9.1185 0
9.12 0
9.1215 0
9.123 0
9.1245 0
9.126 0
9.1275 0
9.129 0
9.1305 0
9.132 0
9.1335 0
9.135 0
9.1365 0
9.138 0
9.1395 0
9.141 0
9.1425 0
9.144 0
9.1455 0
9.147 0
9.1485 0
9.15 0
9.1515 0
9.153 0
9.1545 0
9.156 0
9.1575 0
9.159 0
9.1605 0
9.162 0
9.1635 0
9.165 0
9.1665 0
9.168 0
9.1695 0
9.171 0
9.1725 0
9.174 0
9.1755 0
9.177 0
9.1785 0
9.18 0
9.1815 0
9.183 0
9.1845 0
9.186 0
9.1875 0
9.189 0
9.1905 0
9.192 0
9.1935 0
9.195 0
9.1965 0
9.198 0
9.1995 0
9.201 0
9.2025 0
9.204 0
9.2055 0
9.207 0
9.2085 0
9.21 0
9.2115 0
9.213 0
9.2145 0
9.216 0
9.2175 0
9.219 0
9.2205 0
9.222 0
9.2235 0
9.225 0
9.2265 0
9.228 0
9.2295 0
9.231 0
9.2325 0
9.234 0
9.2355 0
9.237 0
9.2385 0
9.24 0
9.2415 0
9.243 0
9.2445 0
9.246 0
9.2475 0
9.249 0
9.2505 0
9.252 0
9.2535 0
9.255 0
9.2565 0
9.258 0
9.2595 0
9.261 0
9.2625 0
9.264 0
9.2655 0
9.267 0
9.2685 0
9.27 0
9.2715 0
9.273 0
9.2745 0
9.276 0
9.2775 0
9.279 0
9.2805 0
9.282 0
9.2835 0
9.285 0
9.2865 0
9.288 0
9.2895 0
9.291 0
9.2925 0
9.294 0
9.2955 0
9.297 0
9.2985 0
9.3 0
9.3015 0
9.303 0
9.3045 0
9.306 0
9.3075 0
9.309 0
9.3105 0
9.312 0
9.3135 0
9.315 0
9.3165 0
9.318 0
9.3195 0
9.321 0
9.3225 0
9.324 0
9.3255 0
9.327 0
9.3285 0
9.33 0
9.3315 0
9.333 0
9.3345 0
9.336 0
9.3375 0
9.339 0
9.3405 0
9.342 0
9.3435 0
9.345 0
9.3465 0
9.348 0
9.3495 0
9.351 0
9.3525 0
9.354 0
9.3555 0
9.357 0
9.3585 0
9.36 0
9.3615 0
9.363 0
9.3645 0
9.366 0
9.3675 0
9.369 0
9.3705 0
9.372 0
9.3735 0
9.375 0
9.3765 0
9.378 0
9.3795 0
9.381 0
9.3825 0
9.384 0
9.3855 0
9.387 0
9.3885 0
9.39 0
9.3915 0
9.393 0
9.3945 0
9.396 0
9.3975 0
9.399 0
9.4005 0
9.402 0
9.4035 0
9.405 0
9.4065 0
9.408 0
9.4095 0
9.411 0
9.4125 0
9.414 0
9.4155 0
9.417 0
9.4185 0
9.42 0
9.4215 0
9.423 0
9.4245 0
9.426 0
9.4275 0
9.429 0
9.4305 0
9.432 0
9.4335 0
9.435 0
9.4365 0
9.438 0
9.4395 0
9.441 0
9.4425 0
9.444 0
9.4455 0
9.447 0
9.4485 0
9.45 0
9.4515 0
9.453 0
9.4545 0
9.456 0
9.4575 0
9.459 0
9.4605 0
9.462 0
9.4635 0
9.465 0
9.4665 0
9.468 0
9.4695 0
9.471 0
9.4725 0
9.474 0
9.4755 0
9.477 0
9.4785 0
9.48 0
9.4815 0
9.483 0
9.4845 0
9.486 0
9.4875 0
9.489 0
9.4905 0
9.492 0
9.4935 0
9.495 0
9.4965 0
9.498 0
9.4995 0
9.501 0
9.5025 0
9.504 0
9.5055 0
9.507 0
9.5085 0
9.51 0
9.5115 0
9.513 0
9.5145 0
9.516 0
9.5175 0
9.519 0
9.5205 0
9.522 0
9.5235 0
9.525 0
9.5265 0
9.528 0
9.5295 0
9.531 0
9.5325 0
9.534 0
9.5355 0
9.537 0
9.5385 0
9.54 0
9.5415 0
9.543 0
9.5445 0
9.546 0
9.5475 0
9.549 0
9.5505 0
9.552 0
9.5535 0
9.555 0
9.5565 0
9.558 0
9.5595 0
9.561 0
9.5625 0
9.564 0
9.5655 0
9.567 0
9.5685 0
9.57 0
9.5715 0
9.573 0
9.5745 0
9.576 0
9.5775 0
9.579 0
9.5805 0
9.582 0
9.5835 0
9.585 0
9.5865 0
9.588 0
9.5895 0
9.591 0
9.5925 0
9.594 0
9.5955 0
9.597 0
9.5985 0
9.6 0
9.6015 0
9.603 0
9.6045 0
9.606 0
9.6075 0
9.609 0
9.6105 0
9.612 0
9.6135 0
9.615 0
9.6165 0
9.618 0
9.6195 0
9.621 0
9.6225 0
9.624 0
9.6255 0
9.627 0
9.6285 0
9.63 0
9.6315 0
9.633 0
9.6345 0
9.636 0
9.6375 0
9.639 0
9.6405 0
9.642 0
9.6435 0
9.645 0
9.6465 0
9.648 0
9.6495 0
9.651 0
9.6525 0
9.654 0
9.6555 0
9.657 0
9.6585 0
9.66 0
9.6615 0
9.663 0
9.6645 0
9.666 0
9.6675 0
9.669 0
9.6705 0
9.672 0
9.6735 0
9.675 0
9.6765 0
9.678 0
9.6795 0
9.681 0
9.6825 0
9.684 0
9.6855 0
9.687 0
9.6885 0
9.69 0
9.6915 0
9.693 0
9.6945 0
9.696 0
9.6975 0
9.699 0
9.7005 0
9.702 0
9.7035 0
9.705 0
9.7065 0
9.708 0
9.7095 0
9.711 0
9.7125 0
9.714 0
9.7155 0
9.717 0
9.7185 0
9.72 0
9.7215 0
9.723 0
9.7245 0
9.726 0
9.7275 0
9.729 0
9.7305 0
9.732 0
9.7335 0
9.735 0
9.7365 0
9.738 0
9.7395 0
9.741 0
9.7425 0
9.744 0
9.7455 0
9.747 0
9.7485 0
9.75 0
9.7515 0
9.753 0
9.7545 0
9.756 0
9.7575 0
9.759 0
9.7605 0
9.762 0
9.7635 0
9.765 0
9.7665 0
9.768 0
9.7695 0
9.771 0
9.7725 0
9.774 0
9.7755 0
9.777 0
9.7785 0
9.78 0
9.7815 0
9.783 0
9.7845 0
9.786 0
9.7875 0
9.789 0
9.7905 0
9.792 0
9.7935 0
9.795 0
9.7965 0
9.798 0
9.7995 0
9.801 0
9.8025 0
9.804 0
9.8055 0
9.807 0
9.8085 0
9.81 0
9.8115 0
9.813 0
9.8145 0
9.816 0
9.8175 0
9.819 0
9.8205 0
9.822 0
9.8235 0
9.825 0
9.8265 0
9.828 0
9.8295 0
9.831 0
9.8325 0
9.834 0
9.8355 0
9.837 0
9.8385 0
9.84 0
9.8415 0
9.843 0
9.8445 0
9.846 0
9.8475 0
9.849 0
9.8505 0
9.852 0
9.8535 0
9.855 0
9.8565 0
9.858 0
9.8595 0
9.861 0
9.8625 0
9.864 0
9.8655 0
9.867 0
9.8685 0
9.87 0
9.8715 0
9.873 0
9.8745 0
9.876 0
9.8775 0
9.879 0
9.8805 0
9.882 0
9.8835 0
9.885 0
9.8865 0
9.888 0
9.8895 0
9.891 0
9.8925 0
9.894 0
9.8955 0
9.897 0
9.8985 0
9.9 0
9.9015 0
9.903 0
9.9045 0
9.906 0
9.9075 0
9.909 0
9.9105 0
9.912 0
9.9135 0
9.915 0
9.9165 0
9.918 0
9.9195 0
9.921 0
9.9225 0
9.924 0
9.9255 0
9.927 0
9.9285 0
9.93 0
9.9315 0
9.933 0
9.9345 0
9.936 0
9.9375 0
9.939 0
9.9405 0
9.942 0
9.9435 0
9.945 0
9.9465 0
9.948 0
9.9495 0
9.951 0
9.9525 0
9.954 0
9.9555 0
9.957 0
9.9585 0
9.96 0
9.9615 0
9.963 0
9.9645 0
9.966 0
9.9675 0
9.969 0
9.9705 0
9.972 0
9.9735 0
9.975 0
9.9765 0
9.978 0
9.9795 0
9.981 0
9.9825 0
9.984 0
9.9855 0
9.987 0
9.9885 0
9.99 0
9.9915 0
9.993 0
9.9945 0
9.996 0
9.9975 0
9.999 0
10.0005 0
10.002 0
10.0035 0
10.005 0
10.0065 0
10.008 0
10.0095 0
10.011 0
10.0125 0
10.014 0
10.0155 0
10.017 0
10.0185 0
10.02 0
10.0215 0
10.023 0
10.0245 0
10.026 0
10.0275 0
10.029 0
10.0305 0
10.032 0
10.0335 0
10.035 0
10.0365 0
10.038 0
10.0395 0
10.041 0
10.0425 0
10.044 0
10.0455 0
10.047 0
10.0485 0
10.05 0
10.0515 0
10.053 0
10.0545 0
10.056 0
10.0575 0
10.059 0
10.0605 0
10.062 0
10.0635 0
10.065 0
10.0665 0
10.068 0
10.0695 0
10.071 0
10.0725 0
10.074 0
10.0755 0
10.077 0
10.0785 0
10.08 0
10.0815 0
10.083 0
10.0845 0
10.086 0
10.0875 0
10.089 0
10.0905 0
10.092 0
10.0935 0
10.095 0
10.0965 0
10.098 0
10.0995 0
10.101 0
10.1025 0
10.104 0
10.1055 0
10.107 0
10.1085 0
10.11 0
10.1115 0
10.113 0
10.1145 0
10.116 0
10.1175 0
10.119 0
10.1205 0
10.122 0
10.1235 0
10.125 0
10.1265 0
10.128 0
10.1295 0
10.131 0
10.1325 0
10.134 0
10.1355 0
10.137 0
10.1385 0
10.14 0
10.1415 0
10.143 0
10.1445 0
10.146 0
10.1475 0
10.149 0
10.1505 0
10.152 0
10.1535 0
10.155 0
10.1565 0
10.158 0
10.1595 0
10.161 0
10.1625 0
10.164 0
10.1655 0
10.167 0
10.1685 0
10.17 0
10.1715 0
10.173 0
10.1745 0
10.176 0
10.1775 0
10.179 0
10.1805 0
10.182 0
10.1835 0
10.185 0
10.1865 0
10.188 0
10.1895 0
10.191 0
10.1925 0
10.194 0
10.1955 0
10.197 0
10.1985 0
10.2 0
10.2015 0
10.203 0
10.2045 0
10.206 0
10.2075 0
10.209 0
10.2105 0
10.212 0
10.2135 0
10.215 0
10.2165 0
10.218 0
10.2195 0
10.221 0
10.2225 0
10.224 0
10.2255 0
10.227 0
10.2285 0
10.23 0
10.2315 0
10.233 0
10.2345 0
10.236 0
10.2375 0
10.239 0
10.2405 0
10.242 0
10.2435 0
10.245 0
10.2465 0
10.248 0
10.2495 0
10.251 0
10.2525 0
10.254 0
10.2555 0
10.257 0
10.2585 0
10.26 0
10.2615 0
10.263 0
10.2645 0
10.266 0
10.2675 0
10.269 0
10.2705 0
10.272 0
10.2735 0
10.275 0
10.2765 0
10.278 0
10.2795 0
10.281 0
10.2825 0
10.284 0
10.2855 0
10.287 0
10.2885 0
10.29 0
10.2915 0
10.293 0
10.2945 0
10.296 0
10.2975 0
10.299 0
10.3005 0
10.302 0
10.3035 0
10.305 0
10.3065 0
10.308 0
10.3095 0
10.311 0
10.3125 0
10.314 0
10.3155 0
10.317 0
10.3185 0
10.32 0
10.3215 0
10.323 0
10.3245 0
10.326 0
10.3275 0
10.329 0
10.3305 0
10.332 0
10.3335 0
10.335 0
10.3365 0
10.338 0
10.3395 0
10.341 0
10.3425 0
10.344 0
10.3455 0
10.347 0
10.3485 0
10.35 0
10.3515 0
10.353 0
10.3545 0
10.356 0
10.3575 0
10.359 0
10.3605 0
10.362 0
10.3635 0
10.365 0
10.3665 0
10.368 0
10.3695 0
10.371 0
10.3725 0
10.374 0
10.3755 0
10.377 0
10.3785 0
10.38 0
10.3815 0
10.383 0
10.3845 0
10.386 0
10.3875 0
10.389 0
10.3905 0
10.392 0
10.3935 0
10.395 0
10.3965 0
10.398 0
10.3995 0
10.401 0
10.4025 0
10.404 0
10.4055 0
10.407 0
10.4085 0
10.41 0
10.4115 0
10.413 0
10.4145 0
10.416 0
10.4175 0
10.419 0
10.4205 0
10.422 0
10.4235 0
10.425 0
10.4265 0
10.428 0
10.4295 0
10.431 0
10.4325 0
10.434 0
10.4355 0
10.437 0
10.4385 0
10.44 0
10.4415 0
10.443 0
10.4445 0
10.446 0
10.4475 0
10.449 0
10.4505 0
10.452 0
10.4535 0
10.455 0
10.4565 0
10.458 0
10.4595 0
10.461 0
10.4625 0
10.464 0
10.4655 0
10.467 0
10.4685 0
10.47 0
10.4715 0
10.473 0
10.4745 0
10.476 0
10.4775 0
10.479 0
10.4805 0
10.482 0
10.4835 0
10.485 0
10.4865 0
10.488 0
10.4895 0
10.491 0
10.4925 0
10.494 0
10.4955 0
10.497 0
10.4985 0
10.5 0
10.5015 0
10.503 0
10.5045 0
10.506 0
10.5075 0
10.509 0
10.5105 0
10.512 0
10.5135 0
10.515 0
10.5165 0
10.518 0
10.5195 0
10.521 0
10.5225 0
10.524 0
10.5255 0
10.527 0
10.5285 0
10.53 0
10.5315 0
10.533 0
10.5345 0
10.536 0
10.5375 0
10.539 0
10.5405 0
10.542 0
10.5435 0
10.545 0
10.5465 0
10.548 0
10.5495 0
10.551 0
10.5525 0
10.554 0
10.5555 0
10.557 0
10.5585 0
10.56 0
10.5615 0
10.563 0
10.5645 0
10.566 0
10.5675 0
10.569 0
10.5705 0
10.572 0
10.5735 0
10.575 0
10.5765 0
10.578 0
10.5795 0
10.581 0
10.5825 0
10.584 0
10.5855 0
10.587 0
10.5885 0
10.59 0
10.5915 0
10.593 0
10.5945 0
10.596 0
10.5975 0
10.599 0
10.6005 0
10.602 0
10.6035 0
10.605 0
10.6065 0
10.608 0
10.6095 0
10.611 0
10.6125 0
10.614 0
10.6155 0
10.617 0
10.6185 0
10.62 0
10.6215 0
10.623 0
10.6245 0
10.626 0
10.6275 0
10.629 0
10.6305 0
10.632 0
10.6335 0
10.635 0
10.6365 0
10.638 0
10.6395 0
10.641 0
10.6425 0
10.644 0
10.6455 0
10.647 0
10.6485 0
10.65 0
10.6515 0
10.653 0
10.6545 0
10.656 0
10.6575 0
10.659 0
10.6605 0
10.662 0
10.6635 0
10.665 0
10.6665 0
10.668 0
10.6695 0
10.671 0
10.6725 0
10.674 0
10.6755 0
10.677 0
10.6785 0
10.68 0
10.6815 0
10.683 0
10.6845 0
10.686 0
10.6875 0
10.689 0
10.6905 0
10.692 0
10.6935 0
10.695 0
10.6965 0
10.698 0
10.6995 0
10.701 0
10.7025 0
10.704 0
10.7055 0
10.707 0
10.7085 0
10.71 0
10.7115 0
10.713 0
10.7145 0
10.716 0
10.7175 0
10.719 0
10.7205 0
10.722 0
10.7235 0
10.725 0
10.7265 0
10.728 0
10.7295 0
10.731 0
10.7325 0
10.734 0
10.7355 0
10.737 0
10.7385 0
10.74 0
10.7415 0
10.743 0
10.7445 0
10.746 0
10.7475 0
10.749 0
10.7505 0
10.752 0
10.7535 0
10.755 0
10.7565 0
10.758 0
10.7595 0
10.761 0
10.7625 0
10.764 0
10.7655 0
10.767 0
10.7685 0
10.77 0
10.7715 0
10.773 0
10.7745 0
10.776 0
10.7775 0
10.779 0
10.7805 0
10.782 0
10.7835 0
10.785 0
10.7865 0
10.788 0
10.7895 0
10.791 0
10.7925 0
10.794 0
10.7955 0
10.797 0
10.7985 0
10.8 0
10.8015 0
10.803 0
10.8045 0
10.806 0
10.8075 0
10.809 0
10.8105 39.2593
10.812 0
10.8135 0
10.815 0
10.8165 0
10.818 0
10.8195 0
10.821 0
10.8225 0
10.824 0
10.8255 0
10.827 0
10.8285 0
10.83 0
10.8315 0
10.833 0
10.8345 0
10.836 0
10.8375 0
10.839 0
10.8405 0
10.842 0
10.8435 0
10.845 0
10.8465 0
10.848 0
10.8495 0
10.851 0
10.8525 0
10.854 0
10.8555 0
10.857 0
10.8585 0
10.86 0
10.8615 0
10.863 0
10.8645 0
10.866 0
10.8675 0
10.869 0
10.8705 0
10.872 0
10.8735 0
10.875 0
10.8765 0
10.878 0
10.8795 0
10.881 0
10.8825 0
10.884 0
10.8855 0
10.887 0
10.8885 0
10.89 0
10.8915 0
10.893 0
10.8945 0
10.896 0
10.8975 0
10.899 0
10.9005 0
10.902 0
10.9035 0
10.905 0
10.9065 0
10.908 0
10.9095 0
10.911 0
10.9125 0
10.914 0
10.9155 0
10.917 0
10.9185 0
10.92 0
10.9215 0
10.923 0
10.9245 0
10.926 0
10.9275 0
10.929 0
10.9305 0
10.932 0
10.9335 0
10.935 0
10.9365 0
10.938 0
10.9395 0
10.941 0
10.9425 0
10.944 0
10.9455 0
10.947 0
10.9485 0
10.95 0
10.9515 0
10.953 0
10.9545 0
10.956 0
10.9575 0
10.959 0
10.9605 0
10.962 0
10.9635 0
10.965 0
10.9665 0
10.968 0
10.9695 0
10.971 0
10.9725 0
10.974 0
10.9755 0
10.977 0
10.9785 0
10.98 0
10.9815 0
10.983 0
10.9845 0
10.986 0
10.9875 0
10.989 0
10.9905 0
10.992 0
10.9935 0
10.995 0
10.9965 0
10.998 0
10.9995 0
11.001 0
11.0025 0
11.004 0
11.0055 0
11.007 0
11.0085 0
11.01 0
11.0115 0
11.013 0
11.0145 0
11.016 0
11.0175 0
11.019 0
11.0205 0
11.022 0
11.0235 0
11.025 0
11.0265 0
11.028 0
11.0295 0
11.031 0
11.0325 0
11.034 0
11.0355 0
11.037 0
11.0385 0
11.04 0
11.0415 0
11.043 0
11.0445 0
11.046 0
11.0475 0
11.049 0
11.0505 0
11.052 0
11.0535 0
11.055 0
11.0565 0
11.058 0
11.0595 0
11.061 0
11.0625 0
11.064 0
11.0655 0
11.067 0
11.0685 0
11.07 0
11.0715 0
11.073 0
11.0745 0
11.076 0
11.0775 0
11.079 0
11.0805 0
11.082 0
11.0835 0
11.085 0
11.0865 0
11.088 0
11.0895 0
11.091 0
11.0925 0
11.094 0
11.0955 0
11.097 0
11.0985 0
11.1 0
11.1015 0
11.103 0
11.1045 0
11.106 0
11.1075 0
11.109 0
11.1105 0
11.112 0
11.1135 0
11.115 0
11.1165 0
11.118 0
11.1195 0
11.121 0
11.1225 0
11.124 0
11.1255 0
11.127 0
11.1285 0
11.13 0
11.1315 0
11.133 0
11.1345 0
11.136 0
11.1375 0
11.139 0
11.1405 0
11.142 0
11.1435 0
11.145 0
11.1465 0
11.148 0
11.1495 0
11.151 0
11.1525 0
11.154 0
11.1555 0
11.157 0
11.1585 0
11.16 0
11.1615 0
11.163 0
11.1645 0
11.166 0
11.1675 0
11.169 0
11.1705 0
11.172 0
11.1735 0
11.175 0
11.1765 0
11.178 0
11.1795 0
11.181 0
11.1825 0
11.184 0
11.1855 0
11.187 0
11.1885 0
11.19 0
11.1915 0
11.193 0
11.1945 0
11.196 0
11.1975 0
11.199 0
11.2005 0
11.202 0
11.2035 0
11.205 0
11.2065 0
11.208 0
11.2095 0
11.211 0
11.2125 0
11.214 0
11.2155 0
11.217 0
11.2185 0
11.22 0
11.2215 0
11.223 0
11.2245 0
11.226 0
11.2275 0
11.229 0
11.2305 0
11.232 0
11.2335 0
11.235 0
11.2365 0
11.238 0
11.2395 0
11.241 0
11.2425 0
11.244 0
11.2455 0
11.247 0
11.2485 0
11.25 0
11.2515 0
11.253 0
11.2545 0
11.256 0
11.2575 0
11.259 0
11.2605 0
11.262 0
11.2635 0
11.265 0
11.2665 0
11.268 0
11.2695 0
11.271 0
11.2725 0
11.274 0
11.2755 0
11.277 0
11.2785 0
11.28 0
11.2815 0
11.283 0
11.2845 0
11.286 0
11.2875 0
11.289 0
11.2905 0
11.292 0
11.2935 0
11.295 0
11.2965 0
11.298 0
11.2995 0
11.301 0
11.3025 0
11.304 0
11.3055 0
11.307 0
11.3085 0
11.31 0
11.3115 0
11.313 0
11.3145 0
11.316 0
11.3175 0
11.319 0
11.3205 0
11.322 0
11.3235 0
11.325 0
11.3265 0
11.328 0
11.3295 0
11.331 0
11.3325 0
11.334 0
11.3355 0
11.337 0
11.3385 0
11.34 0
11.3415 0
11.343 0
11.3445 0
11.346 0
11.3475 0
11.349 0
11.3505 0
11.352 0
11.3535 0
11.355 0
11.3565 0
11.358 0
11.3595 0
11.361 0
11.3625 0
11.364 0
11.3655 0
11.367 0
11.3685 0
11.37 0
11.3715 0
11.373 0
11.3745 0
11.376 0
11.3775 0
11.379 0
11.3805 0
11.382 0
11.3835 0
11.385 0
11.3865 0
11.388 0
11.3895 0
11.391 0
11.3925 0
11.394 0
11.3955 0
11.397 0
11.3985 0
11.4 0
11.4015 0
11.403 0
11.4045 0
11.406 0
11.4075 0
11.409 0
11.4105 0
11.412 0
11.4135 0
11.415 0
11.4165 0
11.418 0
11.4195 0
11.421 0
11.4225 0
11.424 0
11.4255 0
11.427 0
11.4285 0
11.43 0
11.4315 0
11.433 0
11.4345 0
11.436 0
11.4375 0
11.439 0
11.4405 0
11.442 0
11.4435 0
11.445 0
11.4465 0
11.448 0
11.4495 0
11.451 0
11.4525 0
11.454 0
11.4555 0
11.457 0
11.4585 0
11.46 0
11.4615 0
11.463 0
11.4645 0
11.466 37.0149
11.4675 0
11.469 0
11.4705 0
11.472 0
11.4735 0
11.475 0
11.4765 0
11.478 0
11.4795 0
11.481 0
11.4825 0
11.484 0
11.4855 0
11.487 0
11.4885 0
11.49 0
11.4915 0
11.493 0
11.4945 0
11.496 0
11.4975 0
11.499 0
11.5005 0
11.502 0
11.5035 0
11.505 0
11.5065 0
11.508 0
11.5095 0
11.511 0
11.5125 0
11.514 0
11.5155 0
11.517 0
11.5185 0
11.52 0
11.5215 0
11.523 0
11.5245 0
11.526 0
11.5275 0
11.529 0
11.5305 0
11.532 0
11.5335 0
11.535 0
11.5365 0
11.538 0
11.5395 0
11.541 0
11.5425 0
11.544 0
11.5455 0
11.547 0
11.5485 0
11.55 0
11.5515 0
11.553 0
11.5545 0
11.556 0
11.5575 0
11.559 0
11.5605 0
11.562 0
11.5635 0
11.565 0
11.5665 0
11.568 0
11.5695 0
11.571 0
11.5725 0
11.574 0
11.5755 0
11.577 0
11.5785 0
11.58 0
11.5815 0
11.583 0
11.5845 0
11.586 0
11.5875 0
11.589 0
11.5905 0
11.592 0
11.5935 0
11.595 0
11.5965 0
11.598 0
11.5995 0
11.601 0
11.6025 0
11.604 0
11.6055 0
11.607 0
11.6085 0
11.61 0
11.6115 0
11.613 0
11.6145 0
11.616 0
11.6175 0
11.619 0
11.6205 0
11.622 0
11.6235 0
11.625 0
11.6265 0
11.628 0
11.6295 0
11.631 0
11.6325 0
11.634 0
11.6355 0
11.637 0
11.6385 0
11.64 0
11.6415 0
11.643 0
11.6445 0
11.646 0
11.6475 0
11.649 0
11.6505 0
11.652 0
11.6535 0
11.655 0
11.6565 0
11.658 0
11.6595 0
11.661 0
11.6625 0
11.664 0
11.6655 0
11.667 0
11.6685 0
11.67 0
11.6715 0
11.673 0
11.6745 0
11.676 0
11.6775 0
11.679 0
11.6805 0
11.682 0
11.6835 0
11.685 0
11.6865 0
11.688 0
11.6895 0
11.691 0
11.6925 0
11.694 0
11.6955 0
11.697 0
11.6985 0
11.7 0
11.7015 0
11.703 0
11.7045 0
11.706 0
11.7075 0
11.709 0
11.7105 0
11.712 0
11.7135 0
11.715 0
11.7165 0
11.718 0
11.7195 0
11.721 0
11.7225 0
11.724 0
11.7255 0
11.727 0
11.7285 0
11.73 0
11.7315 0
11.733 0
11.7345 0
11.736 0
11.7375 0
11.739 0
11.7405 0
11.742 0
11.7435 0
11.745 0
11.7465 0
11.748 0
11.7495 0
11.751 0
11.7525 0
11.754 0
11.7555 0
11.757 0
11.7585 0
11.76 0
11.7615 0
11.763 0
11.7645 0
11.766 0
11.7675 0
11.769 0
11.7705 0
11.772 0
11.7735 0
11.775 0
11.7765 0
11.778 0
11.7795 0
11.781 0
11.7825 0
11.784 0
11.7855 0
11.787 0
11.7885 0
11.79 0
11.7915 0
11.793 0
11.7945 0
11.796 0
11.7975 0
11.799 0
11.8005 0
11.802 0
11.8035 0
11.805 0
11.8065 0
11.808 0
11.8095 0
11.811 0
11.8125 0
11.814 0
11.8155 0
11.817 0
11.8185 0
11.82 0
11.8215 0
11.823 0
11.8245 0
11.826 0
11.8275 0
11.829 0
11.8305 0
11.832 0
11.8335 0
11.835 0
11.8365 0
11.838 0
11.8395 0
11.841 0
11.8425 0
11.844 0
11.8455 0
11.847 0
11.8485 0
11.85 0
11.8515 0
11.853 0
11.8545 0
11.856 0
11.8575 0
11.859 0
11.8605 0
11.862 0
11.8635 0
11.865 0
11.8665 0
11.868 0
11.8695 0
11.871 0
11.8725 0
11.874 0
11.8755 0
11.877 0
11.8785 0
11.88 0
11.8815 0
11.883 0
11.8845 0
11.886 0
11.8875 0
11.889 0
11.8905 0
11.892 0
11.8935 0
11.895 0
11.8965 0
11.898 0
11.8995 0
11.901 0
11.9025 0
11.904 0
11.9055 0
11.907 0
11.9085 0
11.91 0
11.9115 0
11.913 0
11.9145 0
11.916 0
11.9175 0
11.919 0
11.9205 0
11.922 0
11.9235 0
11.925 0
11.9265 0
11.928 0
11.9295 0
11.931 0
11.9325 0
11.934 0
11.9355 0
11.937 0
11.9385 0
11.94 0
11.9415 0
11.943 0
11.9445 0
11.946 0
11.9475 0
11.949 0
11.9505 0
11.952 0
11.9535 0
11.955 0
11.9565 0
11.958 0
11.9595 0
11.961 0
11.9625 0
11.964 0
11.9655 0
11.967 0
11.9685 0
11.97 0
11.9715 0
11.973 0
11.9745 0
11.976 0
11.9775 0
11.979 0
11.9805 0
11.982 0
11.9835 0
11.985 0
11.9865 0
11.988 0
11.9895 0
11.991 0
11.9925 0
11.994 0
11.9955 0
11.997 0
11.9985 0
12 0
12.0015 0
12.003 0
12.0045 0
12.006 0
12.0075 0
12.009 0
12.0105 0
12.012 0
12.0135 0
12.015 0
12.0165 0
12.018 0
12.0195 0
12.021 0
12.0225 0
12.024 0
12.0255 0
12.027 0
12.0285 0
12.03 0
12.0315 0
12.033 0
12.0345 0
12.036 0
12.0375 0
12.039 0
12.0405 0
12.042 0
12.0435 0
12.045 0
12.0465 0
12.048 0
12.0495 0
12.051 0
12.0525 0
12.054 0
12.0555 0
12.057 0
12.0585 0
12.06 0
12.0615 0
12.063 0
12.0645 0
12.066 0
12.0675 0
12.069 0
12.0705 0
12.072 0
12.0735 0
12.075 0
12.0765 0
12.078 0
12.0795 0
12.081 0
12.0825 0
12.084 0
12.0855 0
12.087 70.2264
12.0885 0
12.09 0
12.0915 0
12.093 0
12.0945 0
12.096 0
12.0975 0
12.099 0
12.1005 0
12.102 0
12.1035 0
12.105 0
12.1065 0
12.108 0
12.1095 0
12.111 0
12.1125 0
12.114 0
12.1155 0
12.117 0
12.1185 0
12.12 0
12.1215 0
12.123 0
12.1245 0
12.126 0
12.1275 0
12.129 0
12.1305 0
12.132 0
12.1335 0
12.135 0
12.1365 0
12.138 0
12.1395 0
12.141 0
12.1425 0
12.144 0
12.1455 0
12.147 0
12.1485 0
12.15 0
12.1515 0
12.153 0
12.1545 0
12.156 0
12.1575 0
12.159 0
12.1605 0
12.162 0
12.1635 0
12.165 0
12.1665 0
12.168 0
12.1695 0
12.171 0
12.1725 0
12.174 0
12.1755 0
12.177 0
12.1785 0
12.18 0
12.1815 0
12.183 0
12.1845 0
12.186 0
12.1875 0
12.189 0
12.1905 0
12.192 0
12.1935 0
12.195 0
12.1965 0
12.198 0
12.1995 0
12.201 0
12.2025 0
12.204 0
12.2055 0
12.207 0
12.2085 0
12.21 0
12.2115 0
12.213 0
12.2145 0
12.216 0
12.2175 0
12.219 0
12.2205 0
12.222 0
12.2235 0
12.225 0
12.2265 0
12.228 0
12.2295 0
12.231 0
12.2325 0
12.234 0
12.2355 0
12.237 0
12.2385 0
12.24 0
12.2415 0
12.243 0
12.2445 0
12.246 0
12.2475 0
12.249 0
12.2505 0
12.252 0
12.2535 0
12.255 0
12.2565 0
12.258 0
12.2595 0
12.261 0
12.2625 0
12.264 0
12.2655 0
12.267 0
12.2685 0
12.27 0
12.2715 0
12.273 0
12.2745 0
12.276 0
12.2775 0
12.279 0
12.2805 0
12.282 0
12.2835 0
12.285 0
12.2865 0
12.288 0
12.2895 0
12.291 0
12.2925 0
12.294 0
12.2955 0
12.297 0
12.2985 0
12.3 0
12.3015 0
12.303 0
12.3045 0
12.306 0
12.3075 0
12.309 0
12.3105 0
12.312 0
12.3135 0
12.315 0
12.3165 0
12.318 0
12.3195 0
12.321 0
12.3225 0
12.324 0
12.3255 0
12.327 0
12.3285 0
12.33 0
12.3315 0
12.333 0
12.3345 0
12.336 0
12.3375 0
12.339 0
12.3405 0
12.342 0
12.3435 0
12.345 0
12.3465 0
12.348 0
12.3495 0
12.351 0
12.3525 0
12.354 0
12.3555 0
12.357 0
12.3585 0
12.36 0
12.3615 0
12.363 0
12.3645 0
12.366 0
12.3675 0
12.369 0
12.3705 0
12.372 0
12.3735 0
12.375 0
12.3765 0
12.378 0
12.3795 0
12.381 0
12.3825 0
12.384 0
12.3855 0
12.387 0
12.3885 0
12.39 0
12.3915 0
12.393 0
12.3945 0
12.396 0
12.3975 0
12.399 0
12.4005 0
12.402 0
12.4035 0
12.405 0
12.4065 0
12.408 0
12.4095 0
12.411 0
12.4125 0
12.414 0
12.4155 0
12.417 0
12.4185 0
12.42 0
12.4215 0
12.423 0
12.4245 0
12.426 0
12.4275 0
12.429 0
12.4305 0
12.432 0
12.4335 0
12.435 0
12.4365 0
12.438 0
12.4395 0
12.441 0
12.4425 0
12.444 0
12.4455 0
12.447 0
12.4485 0
12.45 0
12.4515 0
12.453 0
12.4545 0
12.456 0
12.4575 0
12.459 0
12.4605 0
12.462 0
12.4635 0
12.465 0
12.4665 0
12.468 0
12.4695 0
12.471 0
12.4725 0
12.474 0
12.4755 0
12.477 0
12.4785 0
12.48 0
12.4815 0
12.483 0
12.4845 0
12.486 0
12.4875 0
12.489 0
12.4905 0
12.492 0
12.4935 0
12.495 0
12.4965 0
12.498 0
12.4995 0
12.501 0
12.5025 0
12.504 0
12.5055 0
12.507 0
12.5085 0
12.51 0
12.5115 0
12.513 0
12.5145 0
12.516 0
12.5175 0
12.519 0
12.5205 0
12.522 0
12.5235 0
12.525 0
12.5265 0
12.528 0
12.5295 0
12.531 0
12.5325 0
12.534 0
12.5355 0
12.537 0
12.5385 0
12.54 0
12.5415 0
12.543 0
12.5445 0
12.546 0
12.5475 0
12.549 0
12.5505 0
12.552 0
12.5535 0
12.555 0
12.5565 0
12.558 0
12.5595 0
12.561 0
12.5625 0
12.564 0
12.5655 0
12.567 0
12.5685 0
12.57 0
12.5715 0
12.573 0
12.5745 0
12.576 0
12.5775 0
12.579 0
12.5805 0
12.582 0
12.5835 0
12.585 0
12.5865 0
12.588 0
12.5895 0
12.591 0
12.5925 0
12.594 0
12.5955 0
12.597 0
12.5985 0
12.6 0
12.6015 0
12.603 0
12.6045 0
12.606 0
12.6075 0
12.609 0
12.6105 0
12.612 0
12.6135 0
12.615 0
12.6165 0
12.618 0
12.6195 0
12.621 0
12.6225 0
12.624 0
12.6255 0
12.627 0
12.6285 0
12.63 0
12.6315 0
12.633 0
12.6345 0
12.636 0
12.6375 0
12.639 0
12.6405 0
12.642 0
12.6435 0
12.645 0
12.6465 0
12.648 0
12.6495 0
12.651 0
12.6525 0
12.654 0
12.6555 0
12.657 0
12.6585 0
12.66 0
12.6615 0
12.663 0
12.6645 0
12.666 0
12.6675 0
12.669 0
12.6705 0
12.672 0
12.6735 0
12.675 0
12.6765 0
12.678 0
12.6795 0
12.681 0
12.6825 0
12.684 0
12.6855 0
12.687 0
12.6885 0
12.69 0
12.6915 0
12.693 0
12.6945 0
12.696 0
12.6975 0
12.699 0
12.7005 0
12.702 0
12.7035 0
12.705 0
12.7065 0
12.708 0
12.7095 0
12.711 0
12.7125 0
12.714 0
12.7155 0
12.717 0
12.7185 0
12.72 0
12.7215 0
12.723 0
12.7245 0
12.726 0
12.7275 0
12.729 0
12.7305 0
12.732 0
12.7335 0
12.735 0
12.7365 0
12.738 0
12.7395 0
12.741 0
12.7425 0
12.744 0
12.7455 0
12.747 0
12.7485 0
12.75 0
12.7515 0
12.753 0
12.7545 0
12.756 0
12.7575 0
12.759 0
12.7605 0
12.762 0
12.7635 0
12.765 0
12.7665 0
12.768 0
12.7695 0
12.771 0
12.7725 0
12.774 0
12.7755 0
12.777 0
12.7785 0
12.78 0
12.7815 0
12.783 0
12.7845 0
12.786 0
12.7875 0
12.789 0
12.7905 0
12.792 0
12.7935 0
12.795 0
12.7965 0
12.798 0
12.7995 0
12.801 0
12.8025 0
12.804 0
12.8055 0
12.807 0
12.8085 0
12.81 0
12.8115 0
12.813 0
12.8145 0
12.816 0
12.8175 0
12.819 0
12.8205 0
12.822 0
12.8235 0
12.825 0
12.8265 0
12.828 0
12.8295 0
12.831 0
12.8325 0
12.834 0
12.8355 0
12.837 0
12.8385 0
12.84 0
12.8415 0
12.843 0
12.8445 0
12.846 0
12.8475 0
12.849 0
12.8505 0
12.852 0
12.8535 0
12.855 0
12.8565 0
12.858 0
12.8595 0
12.861 0
12.8625 0
12.864 0
12.8655 0
12.867 0
12.8685 0
12.87 0
12.8715 0
12.873 0
12.8745 0
12.876 0
12.8775 0
12.879 0
12.8805 0
12.882 0
12.8835 0
12.885 0
12.8865 0
12.888 0
12.8895 0
12.891 0
12.8925 0
12.894 0
12.8955 0
12.897 0
12.8985 0
12.9 0
12.9015 0
12.903 0
12.9045 0
12.906 0
12.9075 0
12.909 0
12.9105 0
12.912 0
12.9135 0
12.915 0
12.9165 0
12.918 0
12.9195 0
12.921 0
12.9225 0
12.924 0
12.9255 0
12.927 0
12.9285 0
12.93 0
12.9315 0
12.933 0
12.9345 0
12.936 0
12.9375 0
12.939 0
12.9405 0
12.942 0
12.9435 0
12.945 0
12.9465 0
12.948 0
12.9495 0
12.951 0
12.9525 0
12.954 0
12.9555 0
12.957 0
12.9585 0
12.96 0
12.9615 0
12.963 0
12.9645 0
12.966 0
12.9675 0
12.969 0
12.9705 0
12.972 0
12.9735 0
12.975 0
12.9765 0
12.978 0
12.9795 0
12.981 0
12.9825 0
12.984 0
12.9855 0
12.987 0
12.9885 0
12.99 0
12.9915 0
12.993 0
12.9945 0
12.996 0
12.9975 0
12.999 0
13.0005 0
13.002 0
13.0035 0
13.005 0
13.0065 0
13.008 0
13.0095 0
13.011 0
13.0125 0
13.014 0
13.0155 0
13.017 0
13.0185 0
13.02 0
13.0215 0
13.023 0
13.0245 0
13.026 0
13.0275 0
13.029 0
13.0305 0
13.032 0
13.0335 0
13.035 0
13.0365 0
13.038 0
13.0395 0
13.041 0
13.0425 0
13.044 0
13.0455 0
13.047 0
13.0485 0
13.05 0
13.0515 0
13.053 0
13.0545 0
13.056 0
13.0575 0
13.059 0
13.0605 0
13.062 0
13.0635 0
13.065 0
13.0665 0
13.068 0
13.0695 0
13.071 0
13.0725 0
13.074 0
13.0755 0
13.077 0
13.0785 0
13.08 0
13.0815 0
13.083 0
13.0845 0
13.086 0
13.0875 0
13.089 0
13.0905 0
13.092 0
13.0935 0
13.095 0
13.0965 0
13.098 0
13.0995 0
13.101 0
13.1025 0
13.104 0
13.1055 0
13.107 0
13.1085 0
13.11 0
13.1115 0
13.113 0
13.1145 0
13.116 0
13.1175 0
13.119 0
13.1205 0
13.122 0
13.1235 0
13.125 0
13.1265 0
13.128 0
13.1295 0
13.131 0
13.1325 0
13.134 0
13.1355 0
13.137 0
13.1385 0
13.14 0
13.1415 0
13.143 0
13.1445 0
13.146 0
13.1475 0
13.149 0
13.1505 0
13.152 0
13.1535 0
13.155 0
13.1565 0
13.158 0
13.1595 0
13.161 0
13.1625 0
13.164 0
13.1655 0
13.167 0
13.1685 0
13.17 0
13.1715 0
13.173 0
13.1745 0
13.176 0
13.1775 0
13.179 0
13.1805 0
13.182 0
13.1835 0
13.185 0
13.1865 0
13.188 0
13.1895 0
13.191 0
13.1925 0
13.194 0
13.1955 0
13.197 0
13.1985 0
13.2 0
13.2015 0
13.203 0
13.2045 0
13.206 0
13.2075 0
13.209 0
13.2105 0
13.212 0
13.2135 0
13.215 0
13.2165 0
13.218 0
13.2195 0
13.221 0
13.2225 0
13.224 0
13.2255 0
13.227 0
13.2285 0
13.23 0
13.2315 0
13.233 0
13.2345 0
13.236 0
13.2375 0
13.239 0
13.2405 0
13.242 0
13.2435 0
13.245 0
13.2465 0
13.248 0
13.2495 0
13.251 0
13.2525 0
13.254 0
13.2555 0
13.257 0
13.2585 0
13.26 0
13.2615 0
13.263 0
13.2645 0
13.266 0
13.2675 0
13.269 0
13.2705 0
13.272 0
13.2735 0
13.275 0
13.2765 0
13.278 0
13.2795 0
13.281 0
13.2825 0
13.284 0
13.2855 0
13.287 0
13.2885 0
13.29 0
13.2915 0
13.293 0
13.2945 0
13.296 0
13.2975 0
13.299 0
13.3005 0
13.302 0
13.3035 0
13.305 0
13.3065 0
13.308 0
13.3095 0
13.311 0
13.3125 0
13.314 0
13.3155 0
13.317 0
13.3185 0
13.32 0
13.3215 0
13.323 0
13.3245 0
13.326 0
13.3275 0
13.329 0
13.3305 0
13.332 0
13.3335 0
13.335 0
13.3365 0
13.338 0
13.3395 0
13.341 0
13.3425 0
13.344 0
13.3455 0
13.347 0
13.3485 0
13.35 0
13.3515 0
13.353 0
13.3545 0
13.356 0
13.3575 0
13.359 0
13.3605 0
13.362 0
13.3635 0
13.365 0
13.3665 0
13.368 0
13.3695 0
13.371 0
13.3725 0
13.374 0
13.3755 0
13.377 0
13.3785 0
13.38 0
13.3815 0
13.383 0
13.3845 0
13.386 0
13.3875 0
13.389 0
13.3905 0
13.392 0
13.3935 0
13.395 0
13.3965 0
13.398 0
13.3995 0
13.401 0
13.4025 0
13.404 0
13.4055 0
13.407 0
13.4085 0
13.41 0
13.4115 0
13.413 0
13.4145 0
13.416 0
13.4175 0
13.419 0
13.4205 0
13.422 0
13.4235 0
13.425 0
13.4265 0
13.428 0
13.4295 0
13.431 0
13.4325 0
13.434 0
13.4355 0
13.437 0
13.4385 0
13.44 0
13.4415 0
13.443 0
13.4445 0
13.446 0
13.4475 0
13.449 0
13.4505 0
13.452 0
13.4535 0
13.455 0
13.4565 0
13.458 0
13.4595 0
13.461 0
13.4625 0
13.464 0
13.4655 0
13.467 0
13.4685 0
13.47 0
13.4715 0
13.473 0
13.4745 0
13.476 0
13.4775 0
13.479 0
13.4805 0
13.482 0
13.4835 0
13.485 0
13.4865 0
13.488 0
13.4895 0
13.491 0
13.4925 0
13.494 0
13.4955 0
13.497 0
13.4985 0
13.5 0
13.5015 0
13.503 0
13.5045 0
13.506 0
13.5075 0
13.509 0
13.5105 0
13.512 0
13.5135 0
13.515 0
13.5165 0
13.518 0
13.5195 0
13.521 0
13.5225 0
13.524 0
13.5255 0
13.527 0
13.5285 0
13.53 0
13.5315 0
13.533 0
13.5345 0
13.536 0
13.5375 0
13.539 0
13.5405 0
13.542 0
13.5435 0
13.545 0
13.5465 0
13.548 0
13.5495 0
13.551 0
13.5525 0
13.554 0
13.5555 0
13.557 0
13.5585 0
13.56 0
13.5615 0
13.563 0
13.5645 0
13.566 0
13.5675 0
13.569 0
13.5705 0
13.572 0
13.5735 0
13.575 0
13.5765 0
13.578 0
13.5795 0
13.581 0
13.5825 0
13.584 0
13.5855 0
13.587 0
13.5885 0
13.59 0
13.5915 0
13.593 0
13.5945 0
13.596 0
13.5975 0
13.599 0
13.6005 0
13.602 0
13.6035 0
13.605 0
13.6065 0
13.608 0
13.6095 0
13.611 0
13.6125 0
13.614 0
13.6155 0
13.617 0
13.6185 0
13.62 0
13.6215 0
13.623 0
13.6245 0
13.626 0
13.6275 0
13.629 0
13.6305 0
13.632 0
13.6335 0
13.635 0
13.6365 0
13.638 0
13.6395 0
13.641 0
13.6425 0
13.644 0
13.6455 0
13.647 0
13.6485 0
13.65 0
13.6515 0
13.653 0
13.6545 0
13.656 0
13.6575 0
13.659 0
13.6605 0
13.662 0
13.6635 0
13.665 0
13.6665 0
13.668 0
13.6695 0
13.671 0
13.6725 0
13.674 0
13.6755 0
13.677 0
13.6785 0
13.68 0
13.6815 0
13.683 0
13.6845 0
13.686 0
13.6875 0
13.689 0
13.6905 0
13.692 0
13.6935 0
13.695 0
13.6965 0
13.698 0
13.6995 0
13.701 0
13.7025 0
13.704 0
13.7055 0
13.707 0
13.7085 0
13.71 0
13.7115 0
13.713 0
13.7145 0
13.716 0
13.7175 0
13.719 0
13.7205 0
13.722 0
13.7235 0
13.725 0
13.7265 0
13.728 0
13.7295 0
13.731 0
13.7325 0
13.734 0
13.7355 0
13.737 0
13.7385 0
13.74 0
13.7415 0
13.743 0
13.7445 0
13.746 0
13.7475 0
13.749 0
13.7505 0
13.752 0
13.7535 0
13.755 0
13.7565 0
13.758 0
13.7595 0
13.761 0
13.7625 0
13.764 0
13.7655 0
13.767 0
13.7685 0
13.77 0
13.7715 0
13.773 0
13.7745 0
13.776 0
13.7775 0
13.779 0
13.7805 61.5962
13.782 0
13.7835 0
13.785 0
13.7865 0
13.788 0
13.7895 0
13.791 0
13.7925 0
13.794 0
13.7955 0
13.797 0
13.7985 0
13.8 0
13.8015 0
13.803 0
13.8045 0
13.806 0
13.8075 0
13.809 0
13.8105 0
13.812 0
13.8135 0
13.815 0
13.8165 0
13.818 0
13.8195 0
13.821 0
13.8225 0
13.824 0
13.8255 0
13.827 0
13.8285 0
13.83 0
13.8315 0
13.833 0
13.8345 0
13.836 0
13.8375 0
13.839 0
13.8405 0
13.842 0
13.8435 0
13.845 0
13.8465 0
13.848 0
13.8495 0
13.851 0
13.8525 0
13.854 0
13.8555 0
13.857 0
13.8585 0
13.86 0
13.8615 0
13.863 0
13.8645 0
13.866 0
13.8675 0
13.869 0
13.8705 0
13.872 0
13.8735 0
13.875 0
13.8765 0
13.878 0
13.8795 0
13.881 0
13.8825 0
13.884 0
13.8855 0
13.887 0
13.8885 0
13.89 0
13.8915 0
13.893 0
13.8945 0
13.896 0
13.8975 0
13.899 0
13.9005 0
13.902 0
13.9035 0
13.905 0
13.9065 0
13.908 0
13.9095 0
13.911 0
13.9125 0
13.914 0
13.9155 0
13.917 0
13.9185 0
13.92 0
13.9215 0
13.923 0
13.9245 0
13.926 0
13.9275 0
13.929 0
13.9305 0
13.932 0
13.9335 0
13.935 0
13.9365 0
13.938 0
13.9395 0
13.941 0
13.9425 0
13.944 0
13.9455 0
13.947 0
13.9485 0
13.95 0
13.9515 0
13.953 0
13.9545 0
13.956 0
13.9575 0
13.959 0
13.9605 0
13.962 0
13.9635 0
13.965 0
13.9665 0
13.968 0
13.9695 0
13.971 0
13.9725 0
13.974 0
13.9755 0
13.977 0
13.9785 0
13.98 0
13.9815 0
13.983 0
13.9845 0
13.986 0
13.9875 0
13.989 0
13.9905 0
13.992 0
13.9935 0
13.995 0
13.9965 0
13.998 0
13.9995 0
14.001 0
14.0025 0
14.004 0
14.0055 0
14.007 0
14.0085 0
14.01 0
14.0115 0
14.013 0
14.0145 0
14.016 0
14.0175 0
14.019 0
14.0205 0
14.022 0
14.0235 0
14.025 0
14.0265 0
14.028 0
14.0295 0
14.031 0
14.0325 0
14.034 0
14.0355 0
14.037 0
14.0385 0
14.04 0
14.0415 0
14.043 0
14.0445 0
14.046 0
14.0475 0
14.049 0
14.0505 0
14.052 0
14.0535 0
14.055 0
14.0565 0
14.058 0
14.0595 0
14.061 0
14.0625 0
14.064 0
14.0655 0
14.067 0
14.0685 0
14.07 0
14.0715 0
14.073 0
14.0745 0
14.076 0
14.0775 0
14.079 0
14.0805 0
14.082 0
14.0835 0
14.085 0
14.0865 0
14.088 0
14.0895 0
14.091 0
14.0925 0
14.094 0
14.0955 0
14.097 0
14.0985 0
14.1 0
14.1015 0
14.103 0
14.1045 0
14.106 0
14.1075 0
14.109 0
14.1105 0
14.112 0
14.1135 0
14.115 0
14.1165 0
14.118 0
14.1195 0
14.121 0
14.1225 0
14.124 0
14.1255 0
14.127 0
14.1285 0
14.13 0
14.1315 0
14.133 0
14.1345 0
14.136 0
14.1375 0
14.139 0
14.1405 0
14.142 0
14.1435 0
14.145 0
14.1465 0
14.148 0
14.1495 0
14.151 0
14.1525 0
14.154 0
14.1555 0
14.157 0
14.1585 0
14.16 0
14.1615 0
14.163 0
14.1645 0
14.166 0
14.1675 0
14.169 0
14.1705 0
14.172 0
14.1735 0
14.175 0
14.1765 0
14.178 0
14.1795 0
14.181 0
14.1825 0
14.184 0
14.1855 0
14.187 0
14.1885 0
14.19 0
14.1915 0
14.193 0
14.1945 0
14.196 0
14.1975 0
14.199 0
14.2005 0
14.202 0
14.2035 0
14.205 0
14.2065 0
14.208 0
14.2095 0
14.211 0
14.2125 0
14.214 0
14.2155 0
14.217 0
14.2185 0
14.22 0
14.2215 0
14.223 0
14.2245 0
14.226 0
14.2275 0
14.229 0
14.2305 0
14.232 0
14.2335 0
14.235 0
14.2365 0
14.238 0
14.2395 0
14.241 0
14.2425 0
14.244 0
14.2455 0
14.247 0
14.2485 0
14.25 0
14.2515 0
14.253 0
14.2545 0
14.256 0
14.2575 0
14.259 0
14.2605 0
14.262 0
14.2635 0
14.265 0
14.2665 0
14.268 0
14.2695 0
14.271 0
14.2725 0
14.274 0
14.2755 0
14.277 0
14.2785 0
14.28 0
14.2815 0
14.283 0
14.2845 0
14.286 0
14.2875 0
14.289 0
14.2905 0
14.292 0
14.2935 0
14.295 0
14.2965 0
14.298 0
14.2995 0
14.301 0
14.3025 0
14.304 0
14.3055 0
14.307 0
14.3085 0
14.31 0
14.3115 0
14.313 0
14.3145 0
14.316 0
14.3175 0
14.319 0
14.3205 0
14.322 0
14.3235 0
14.325 0
14.3265 0
14.328 0
14.3295 0
14.331 0
14.3325 0
14.334 0
14.3355 0
14.337 0
14.3385 0
14.34 0
14.3415 0
14.343 0
14.3445 0
14.346 0
14.3475 0
14.349 0
14.3505 0
14.352 0
14.3535 0
14.355 0
14.3565 0
14.358 0
14.3595 0
14.361 0
14.3625 0
14.364 0
14.3655 0
14.367 0
14.3685 0
14.37 0
14.3715 0
14.373 0
14.3745 0
14.376 0
14.3775 0
14.379 0
14.3805 0
14.382 0
14.3835 0
14.385 0
14.3865 0
14.388 0
14.3895 0
14.391 0
14.3925 0
14.394 0
14.3955 0
14.397 0
14.3985 0
14.4 0
14.4015 0
14.403 0
14.4045 0
14.406 0
14.4075 0
14.409 0
14.4105 0
14.412 0
14.4135 0
14.415 0
14.4165 0
14.418 0
14.4195 0
14.421 0
14.4225 0
14.424 0
14.4255 0
14.427 0
14.4285 0
14.43 0
14.4315 0
14.433 0
14.4345 0
14.436 0
14.4375 0
14.439 0
14.4405 0
14.442 0
14.4435 0
14.445 0
14.4465 0
14.448 0
14.4495 0
14.451 0
14.4525 0
14.454 0
14.4555 0
14.457 0
14.4585 0
14.46 0
14.4615 0
14.463 0
14.4645 0
14.466 0
14.4675 0
14.469 0
14.4705 0
14.472 0
14.4735 0
14.475 0
14.4765 0
14.478 0
14.4795 0
14.481 0
14.4825 0
14.484 0
14.4855 0
14.487 0
14.4885 0
14.49 0
14.4915 0
14.493 0
14.4945 0
14.496 0
14.4975 0
14.499 0
14.5005 0
14.502 0
14.5035 0
14.505 0
14.5065 0
14.508 0
14.5095 0
14.511 0
14.5125 0
14.514 0
14.5155 0
14.517 0
14.5185 0
14.52 0
14.5215 0
14.523 0
14.5245 0
14.526 0
14.5275 0
14.529 0
14.5305 0
14.532 0
14.5335 0
14.535 0
14.5365 0
14.538 0
14.5395 0
14.541 0
14.5425 0
14.544 0
14.5455 0
14.547 0
14.5485 0
14.55 0
14.5515 0
14.553 0
14.5545 0
14.556 0
14.5575 0
14.559 0
14.5605 0
14.562 0
14.5635 0
14.565 0
14.5665 0
14.568 0
14.5695 0
14.571 0
14.5725 0
14.574 0
14.5755 0
14.577 0
14.5785 0
14.58 0
14.5815 0
14.583 0
14.5845 0
14.586 0
14.5875 0
14.589 0
14.5905 0
14.592 0
14.5935 0
14.595 0
14.5965 0
14.598 0
14.5995 0
14.601 0
14.6025 0
14.604 0
14.6055 0
14.607 0
14.6085 0
14.61 0
14.6115 0
14.613 0
14.6145 0
14.616 0
14.6175 0
14.619 0
14.6205 0
14.622 0
14.6235 0
14.625 0
14.6265 0
14.628 0
14.6295 0
14.631 0
14.6325 0
14.634 0
14.6355 0
14.637 0
14.6385 0
14.64 0
14.6415 0
14.643 0
14.6445 0
14.646 0
14.6475 0
14.649 0
14.6505 0
14.652 0
14.6535 0
14.655 0
14.6565 0
14.658 0
14.6595 0
14.661 0
14.6625 0
14.664 0
14.6655 0
14.667 0
14.6685 0
14.67 0
14.6715 0
14.673 0
14.6745 0
14.676 0
14.6775 0
14.679 0
14.6805 0
14.682 0
14.6835 0
14.685 0
14.6865 0
14.688 0
14.6895 0
14.691 0
14.6925 0
14.694 0
14.6955 0
14.697 0
14.6985 0
14.7 0
14.7015 0
14.703 0
14.7045 0
14.706 0
14.7075 0
14.709 0
14.7105 0
14.712 0
14.7135 0
14.715 0
14.7165 0
14.718 0
14.7195 0
14.721 0
14.7225 0
14.724 0
14.7255 0
14.727 0
14.7285 0
14.73 0
14.7315 0
14.733 0
14.7345 0
14.736 0
14.7375 0
14.739 0
14.7405 0
14.742 0
14.7435 0
14.745 0
14.7465 0
14.748 0
14.7495 0
14.751 0
14.7525 0
14.754 0
14.7555 0
14.757 0
14.7585 0
14.76 0
14.7615 0
14.763 0
14.7645 0
14.766 0
14.7675 0
14.769 0
14.7705 0
14.772 0
14.7735 0
14.775 0
14.7765 0
14.778 0
14.7795 0
14.781 0
14.7825 0
14.784 0
14.7855 0
14.787 0
14.7885 0
14.79 0
14.7915 0
14.793 0
14.7945 0
14.796 0
14.7975 0
14.799 0
14.8005 0
14.802 0
14.8035 0
14.805 0
14.8065 0
14.808 0
14.8095 0
14.811 0
14.8125 0
14.814 0
14.8155 0
14.817 0
14.8185 0
14.82 0
14.8215 0
14.823 0
14.8245 0
14.826 0
14.8275 0
14.829 0
14.8305 0
14.832 0
14.8335 0
14.835 0
14.8365 0
14.838 0
14.8395 0
14.841 0
14.8425 0
14.844 0
14.8455 0
14.847 0
14.8485 0
14.85 0
14.8515 0
14.853 0
14.8545 0
14.856 0
14.8575 0
14.859 0
14.8605 0
14.862 0
14.8635 0
14.865 0
14.8665 0
14.868 0
14.8695 0
14.871 0
14.8725 0
14.874 0
14.8755 0
14.877 0
14.8785 0
14.88 0
14.8815 0
14.883 0
14.8845 0
14.886 0
14.8875 0
14.889 0
14.8905 0
14.892 0
14.8935 0
14.895 0
14.8965 0
14.898 0
14.8995 0
14.901 0
14.9025 0
14.904 0
14.9055 0
14.907 0
14.9085 0
14.91 0
14.9115 0
14.913 0
14.9145 0
14.916 0
14.9175 0
14.919 0
14.9205 0
14.922 0
14.9235 0
14.925 0
14.9265 0
14.928 0
14.9295 0
14.931 0
14.9325 0
14.934 0
14.9355 0
14.937 0
14.9385 0
14.94 0
14.9415 0
14.943 0
14.9445 0
14.946 0
14.9475 0
14.949 0
14.9505 0
14.952 0
14.9535 0
14.955 0
14.9565 0
14.958 0
14.9595 0
14.961 0
14.9625 0
14.964 0
14.9655 0
14.967 0
14.9685 0
14.97 0
14.9715 0
14.973 0
14.9745 0
14.976 0
14.9775 0
14.979 0
14.9805 0
14.982 0
14.9835 0
14.985 0
14.9865 0
14.988 0
14.9895 0
14.991 0
14.9925 0
14.994 0
14.9955 0
14.997 0
14.9985 0
